,a1e2h1,a10e2h1,a50e2h1,a100e2h1,a500e2h1,a1000e2h1,a1e74h1,a10e74h1,a50e74h1,a100e74h1,a500e74h1,a1000e74h1,a1e90h1,a10e90h1,a50e90h1,a100e90h1,a500e90h1,a1000e90h1,a1e95h1,a10e95h1,a50e95h1,a100e95h1,a500e95h1,a1000e95h1,a1e120h1,a10e120h1,a50e120h1,a100e120h1,a500e120h1,a1000e120h1,a1e145h1,a10e145h1,a50e145h1,a100e145h1,a500e145h1,a1000e145h1,a1e147h1,a10e147h1,a50e147h1,a100e147h1,a500e147h1,a1000e147h1,a1e230h1,a10e230h1,a50e230h1,a100e230h1,a500e230h1,a1000e230h1,a1e233h1,a10e233h1,a50e233h1,a100e233h1,a500e233h1,a1000e233h1,a1e285h1,a10e285h1,a50e285h1,a100e285h1,a500e285h1,a1000e285h1,a1e2h2,a10e2h2,a50e2h2,a100e2h2,a500e2h2,a1000e2h2,a1e74h2,a10e74h2,a50e74h2,a100e74h2,a500e74h2,a1000e74h2,a1e90h2,a10e90h2,a50e90h2,a100e90h2,a500e90h2,a1000e90h2,a1e95h2,a10e95h2,a50e95h2,a100e95h2,a500e95h2,a1000e95h2,a1e120h2,a10e120h2,a50e120h2,a100e120h2,a500e120h2,a1000e120h2,a1e145h2,a10e145h2,a50e145h2,a100e145h2,a500e145h2,a1000e145h2,a1e147h2,a10e147h2,a50e147h2,a100e147h2,a500e147h2,a1000e147h2,a1e230h2,a10e230h2,a50e230h2,a100e230h2,a500e230h2,a1000e230h2,a1e233h2,a10e233h2,a50e233h2,a100e233h2,a500e233h2,a1000e233h2,a1e285h2,a10e285h2,a50e285h2,a100e285h2,a500e285h2,a1000e285h2,a1e2h3,a10e2h3,a50e2h3,a100e2h3,a500e2h3,a1000e2h3,a1e74h3,a10e74h3,a50e74h3,a100e74h3,a500e74h3,a1000e74h3,a1e90h3,a10e90h3,a50e90h3,a100e90h3,a500e90h3,a1000e90h3,a1e95h3,a10e95h3,a50e95h3,a100e95h3,a500e95h3,a1000e95h3,a1e120h3,a10e120h3,a50e120h3,a100e120h3,a500e120h3,a1000e120h3,a1e145h3,a10e145h3,a50e145h3,a100e145h3,a500e145h3,a1000e145h3,a1e147h3,a10e147h3,a50e147h3,a100e147h3,a500e147h3,a1000e147h3,a1e230h3,a10e230h3,a50e230h3,a100e230h3,a500e230h3,a1000e230h3,a1e233h3,a10e233h3,a50e233h3,a100e233h3,a500e233h3,a1000e233h3,a1e285h3,a10e285h3,a50e285h3,a100e285h3,a500e285h3,a1000e285h3,a1e2h4,a10e2h4,a50e2h4,a100e2h4,a500e2h4,a1000e2h4,a1e74h4,a10e74h4,a50e74h4,a100e74h4,a500e74h4,a1000e74h4,a1e90h4,a10e90h4,a50e90h4,a100e90h4,a500e90h4,a1000e90h4,a1e95h4,a10e95h4,a50e95h4,a100e95h4,a500e95h4,a1000e95h4,a1e120h4,a10e120h4,a50e120h4,a100e120h4,a500e120h4,a1000e120h4,a1e145h4,a10e145h4,a50e145h4,a100e145h4,a500e145h4,a1000e145h4,a1e147h4,a10e147h4,a50e147h4,a100e147h4,a500e147h4,a1000e147h4,a1e230h4,a10e230h4,a50e230h4,a100e230h4,a500e230h4,a1000e230h4,a1e233h4,a10e233h4,a50e233h4,a100e233h4,a500e233h4,a1000e233h4,a1e285h4,a10e285h4,a50e285h4,a100e285h4,a500e285h4,a1000e285h4
0,0.9265680906313517,0.9265737435860774,0.9314478829115972,0.9338202248248614,0.9362588878722943,0.9355721071244869,0.8927816875804843,0.8928338115582171,0.9004487830605005,0.9029290333816156,0.9059879891557365,0.9052141302897543,0.8360545819883002,0.8361787801057378,0.851294390124253,0.8575617617799803,0.8581529290597644,0.8542824405743195,0.8443477465781017,0.8443781913453599,0.8603262986543566,0.8618417693376486,0.8642895884651165,0.8620501355247822,0.8993186492626095,0.8993342763485823,0.9037292482115322,0.9059845995462772,0.905999587964332,0.9045280525637581,0.9266693008721248,0.9266784353083826,0.9300025491691026,0.9368793086495697,0.9406327108427022,0.9405478911512092,0.9232132497175182,0.9232258837135483,0.93226136865637,0.9371407071392391,0.9429762886460711,0.9420803038568939,0.8628420543516497,0.8629155387152138,0.8686085929029885,0.875272406776677,0.8738325695198488,0.8743050782197654,0.8565369052923215,0.8568637361955963,0.8617269231631557,0.8649569447917145,0.8669913179186688,0.8653057039429781,0.901806644405253,0.9018154683553242,0.9057964802367717,0.9084565410288746,0.9098724248671144,0.9087351277666582,0.8887372283574905,0.8887587956593925,0.8932398468378371,0.8974855773716012,0.8998041645545487,0.8993601445454209,0.8195978401631443,0.8196172494614854,0.8287110204975177,0.8313895819040729,0.8380927543811068,0.8361343487386281,0.769998785157189,0.7725078271634811,0.7859424480970846,0.7915796542783952,0.793866924259372,0.7868244427654343,0.7541901121572405,0.7543897342208946,0.7725767585003401,0.7747358601172367,0.7791083185126391,0.7739517721101491,0.8550230624267281,0.8550452596889704,0.8600459621092398,0.8620416583070877,0.861992738744596,0.8579522622306907,0.8635525337288124,0.8635550730782562,0.8704945230016566,0.8752571848780714,0.8818252361429939,0.8812643532273143,0.8665599101353072,0.8665639034939429,0.8741479808554449,0.8830517427202356,0.8942344261215532,0.8934085667284574,0.7815821357145583,0.7817375698492256,0.7926887160634544,0.7934454136539708,0.7913953693106613,0.7908149694813708,0.7968171993294423,0.7972527120888435,0.8038907668457153,0.806127974157488,0.8073750902511614,0.8040052793580992,0.85319768219191,0.8532764791066271,0.85834199526127,0.8609883974788066,0.8631265912522492,0.861263292194651,0.8552530794934347,0.8552652393815356,0.8615578092673315,0.8650953884559198,0.8683172621475089,0.8674291655150437,0.7561879495451065,0.7562042684962831,0.764338158050938,0.7705944408795792,0.7787061967509015,0.7764450968543047,0.7158678208898618,0.7163823330589879,0.7344364957541385,0.7360950749725954,0.7375332071227411,0.7321513801280665,0.6819172453721012,0.6820895727230578,0.7013736738059753,0.706379755226243,0.7080894487965382,0.7038439501575628,0.8229307964278151,0.82298739737438,0.8292310592950007,0.8310371427201424,0.8311538398065824,0.8289957983026451,0.8048242106487578,0.8048340512190296,0.8122844501534693,0.8186353869854891,0.825119231498158,0.8243484220553149,0.8124451793173793,0.8127520212120047,0.8222312602944761,0.8356701225846985,0.8473896174677603,0.8450667600877473,0.714878216220422,0.7149838462273832,0.7240556148997379,0.7247436868144809,0.7247440399783925,0.719195544596305,0.7561753059406091,0.7566689529243963,0.7640128675380798,0.7652494353612516,0.7657729356063583,0.7643461943908629,0.8105375655989204,0.8105548654411758,0.8145988321815125,0.8183669453211941,0.820540676908776,0.8184339081888432,0.8213770009877405,0.8217051583667045,0.8278099786959758,0.8336572050439355,0.8356729531273179,0.8350560920442646,0.6949260873968026,0.6949713830129638,0.704224719380032,0.712272860381834,0.7203385694362474,0.7187088201273589,0.6651217633082476,0.6669358639871035,0.680513176301917,0.6826963067376248,0.683325014035657,0.6768596854164115,0.6184931967509635,0.6189025394005788,0.6386048320800628,0.644656262034132,0.645375765090334,0.6406750141695405,0.7928478882804423,0.7939381593770799,0.7995767551646861,0.8013841566763643,0.7988166626610786,0.8006867045746985,0.7465224026591294,0.7465372308649876,0.7536168961176498,0.7596633030755313,0.7685135249647036,0.771016798406001,0.7584429076337574,0.7586557026162335,0.7747199759818866,0.7837303249130491,0.7995239758544794,0.7964227865388767,0.6543699955349638,0.6568756484580178,0.6649893541542561,0.6699276139347974,0.6648968902208239,0.6612821905242481,0.7200806320354054,0.7209339149117613,0.7286464609106227,0.7308505123187284,0.7313332932020857,0.7293228087601311,0.7683196660364142,0.7684069193755884,0.7732816519736215,0.7770257644876386,0.779899227048616,0.7788888660783022
1,0.9265680906307574,0.9265867118772194,0.9304151661447476,0.9341319542463443,0.9362276013717917,0.9360251839426253,0.8927816875772947,0.892848347521702,0.8998491992722657,0.9037241759736349,0.9067292397137279,0.9054026404869764,0.8360545819885961,0.8360804536675077,0.8543969972666329,0.8568752233659457,0.8575438703214696,0.8567368248742988,0.844347746593777,0.844385995511089,0.8579935657860411,0.862516662858418,0.864277533745517,0.8621248977007987,0.8993186491273278,0.899344105647914,0.9028319637359433,0.9058731963627367,0.9065600346867168,0.9034852564208973,0.9266693008717519,0.9266710592071792,0.9313606721712546,0.9364919037612028,0.9407680174922115,0.9410942774970091,0.9232132497161801,0.9232237657014648,0.9322655160705846,0.9380450130720575,0.9420098857461222,0.941572769169393,0.8628420543519123,0.8633199277099133,0.8705685631837635,0.8750720847304215,0.8745737885834204,0.872692200411942,0.8565369052923187,0.8566145682354998,0.8636207011553851,0.8655163764524548,0.8676450898852652,0.8643960676344262,0.9018066441389454,0.9018330226171848,0.9056415939343915,0.9086283803750107,0.9098987406508084,0.9092308534965554,0.8887372283578895,0.8887402369608672,0.8940830846822778,0.897471608266591,0.8999359460149062,0.8994177498692709,0.8195978400243674,0.8196894930869678,0.8269904931465538,0.833120396710118,0.8376580116357799,0.8365203484437034,0.7699987851559099,0.7701848055071705,0.7875135803249524,0.7940407639064551,0.792864895382188,0.7893180778450535,0.7541901121572403,0.7545980550935143,0.7714668952103634,0.7764311323627957,0.7773764931136904,0.7741193800129585,0.8550230624281369,0.8556349544113905,0.8587335330088002,0.8624724018156772,0.8594978656908734,0.8569782273137263,0.8635525337300451,0.8635723449905988,0.869219984010333,0.876955390479617,0.8811777872747428,0.881898844198626,0.8665599101353613,0.8665827155831936,0.8745602922512168,0.8808661927081175,0.8953555548922124,0.893708681757239,0.781582135717168,0.7816896951166465,0.7912308352017445,0.7932848351040733,0.7929860504576023,0.7906692063043943,0.7968171994886487,0.7972797887277876,0.8049098835734679,0.8052152834718521,0.8069447148780144,0.8052013981443797,0.8531976821919349,0.853255076131207,0.8592289690827138,0.8610854782268544,0.8627791639806688,0.8600349174579638,0.8552530794878984,0.8553454748520695,0.8617369896920986,0.864711156058445,0.8680873076901443,0.868359997111175,0.756187949057338,0.7563225531246931,0.7660176788082703,0.7718136195116404,0.7766586813243188,0.7760406418417957,0.7158678212500382,0.7159154318850518,0.7322700288453854,0.7351155153434255,0.7370824144664248,0.7288982856391779,0.6819172447304511,0.6836178881810474,0.6966089505583906,0.7058677102691,0.7090802006925677,0.702647722884443,0.8229307966446526,0.8230356149657114,0.8286027390210545,0.8308964388673257,0.8312156934704296,0.8299323399081576,0.8048242106545968,0.8048558429032105,0.8140136501824982,0.8155049966826093,0.8253325118868562,0.8236063192275881,0.8124451793154984,0.8125829305427485,0.8249800682652828,0.8341784537787862,0.8481136272683445,0.8443993780536858,0.7148782164049183,0.7148810234769589,0.7244172324769595,0.7258598039186497,0.7250187376748565,0.7179537131521371,0.7561753054543411,0.7563602610673555,0.7638030610999134,0.7654969177237141,0.7660829231526948,0.7618766640745227,0.8105375659723166,0.810743077686155,0.8149286669498484,0.8180900140928535,0.8200731203594542,0.8193179032971565,0.8213770007464176,0.8217267597968475,0.8278139099372216,0.8321372905876688,0.8359626491934203,0.8362156461733575,0.6949260873907375,0.6951290339731779,0.7052223637339884,0.7110481619029858,0.71950294659891,0.7202191444081933,0.6651217628512389,0.665316252833666,0.6798829885663271,0.6846948522770258,0.6795304619089186,0.674440708383991,0.6184931524448805,0.6221843737526778,0.6404926621034759,0.6423987700219023,0.6452122466248248,0.644858496823514,0.7928478882568464,0.792946200311341,0.7991205459557713,0.8037058520907885,0.8029711860740285,0.7983594281259194,0.7465224026590752,0.7465396870400703,0.7551895248070933,0.7594771166621475,0.7698435030349062,0.7717375304960629,0.7584429074046148,0.7588734844494942,0.775119419876272,0.785378246879076,0.7977132920726256,0.7982584282728213,0.6543699955389684,0.6566659996291655,0.667404326784101,0.6676276292349693,0.6678029431744424,0.6615845496540406,0.7200806320354056,0.7212280436711995,0.7289070790443102,0.7309282519695619,0.7313388819643539,0.7294029872778856,0.7683196660954735,0.7683696044906496,0.7755384467291446,0.7779013942462891,0.7806234311693114,0.777815457703907
2,0.9265680906307581,0.9265804977185349,0.93043608474279,0.9333671529199338,0.9358898237989189,0.935810174749481,0.8927816875766136,0.8928236548774161,0.8984980783363605,0.9028826347511005,0.9063283148576896,0.9048837612254508,0.8360545819909454,0.8365805522574635,0.8536381646018575,0.8580960558583968,0.8573313853619787,0.8548819651501144,0.8443477465914275,0.8443722531756009,0.8571085091567151,0.8625475703311385,0.8644694222929266,0.862236002378602,0.8993186511151996,0.8993211314101562,0.902554605430143,0.9051134165368115,0.9049198171128008,0.9044065955312822,0.9266693008720153,0.9266791619745068,0.9328158165145579,0.9371755867211526,0.9408198952211203,0.940821416034056,0.9232132497198431,0.9232567596115037,0.9298969715192102,0.937757366067017,0.9431329807747975,0.9424263965826986,0.8628420543516464,0.8629323606753891,0.8690691568492034,0.8737869800530457,0.8749166111759294,0.8719034535866537,0.856536905292312,0.8565408501276564,0.8625081171190627,0.8649487448191138,0.8673917054155682,0.8649778207923571,0.9018066441080508,0.9018071702101701,0.9062905990721559,0.9075595173163855,0.9101355774357556,0.9091387193255781,0.8887372283877708,0.8887580762193309,0.8940539622875524,0.8974609459090408,0.9004643935168892,0.899838678537537,0.8195978400146802,0.819663005502603,0.8247144093509107,0.8322939171178481,0.8380363714289798,0.8367595631342979,0.7699987851560501,0.7702031750075704,0.7897962227866314,0.7925161460216398,0.790040048373141,0.7878161355718062,0.7541901131916231,0.7550714049849208,0.7742940564032924,0.7766312391396091,0.778139469879676,0.774668467251867,0.8550230633393177,0.8554293169509566,0.8593341949904532,0.8610917358586996,0.8622043339974083,0.8592661295247414,0.8635525337323595,0.8635750657307183,0.8709860553881967,0.8763645121236074,0.8800587148440231,0.8819304302821022,0.8665599101353585,0.8667589341410833,0.8774649398188848,0.883935567332824,0.8948437019500983,0.8940008246503077,0.7815821357145478,0.7816508809035606,0.793211367919424,0.7915302927556,0.7923896889967464,0.7888359806664793,0.7968172007136259,0.7971569275264605,0.8038754033358784,0.8058643573173683,0.8073740535745593,0.8040619100923758,0.8531976821922023,0.8532244350937751,0.8590174311627116,0.8614537461691092,0.8624626354700868,0.8615141020285493,0.855253079487851,0.8556868192215364,0.8620763459955614,0.865064156112667,0.8682466057371137,0.8673071355985151,0.7561879490568678,0.7563871445927058,0.7656830416665747,0.7697859849597278,0.7784865351086381,0.7758985250594859,0.7158678208897988,0.7160697259976951,0.7311325015457061,0.7356407945137571,0.7388610008607541,0.7306341874667239,0.6819172447310302,0.683695590633637,0.700861305110974,0.7031031825631451,0.708546886134947,0.705406267886908,0.8229307963442265,0.8229739003340145,0.8294890439150671,0.8309490836230069,0.8298398154373384,0.8279295594875198,0.8048242106486287,0.8048295111269355,0.8125298312801317,0.8160389098939227,0.8255445177730802,0.8227341623684927,0.8124451793147149,0.8124864758108961,0.8260851558736483,0.8332553750431779,0.848057251722709,0.8448972318412873,0.7148782162203138,0.7152134825815915,0.7214581345029901,0.724179702815441,0.7280955116644335,0.7192584077225337,0.756175309704247,0.756313349832553,0.7639281849735129,0.7655325431028102,0.7652775592751506,0.7615266702750344,0.8105375696766617,0.8105378058238272,0.8174158865949185,0.818314159049995,0.8204895613145695,0.8178342855028949,0.8213769980128807,0.8214725434845789,0.8289865588736505,0.8326451166144662,0.8367171799849457,0.8346313307857065,0.6949260874352139,0.6949447982737875,0.7058829976575706,0.7110757719105852,0.7214924509848781,0.7172714309335935,0.665121762855051,0.6651074650013604,0.6799230877891476,0.6817957246076305,0.6850129239168281,0.6766951479112996,0.6184931525046036,0.6193726661322734,0.6396540342049015,0.6451773817399871,0.6468878704494755,0.6432725425650136,0.7928478884135952,0.7928973961763908,0.7992753134411488,0.8032464331918798,0.8010382184177467,0.7993090450935197,0.7465224026625115,0.7465438776969965,0.7560500085530792,0.7601052193305913,0.7698678888444649,0.7699425588675652,0.7584429073971986,0.7586633569324027,0.774224355091226,0.7843521664740248,0.7973125055063501,0.7972642201532536,0.6543699955349731,0.6593304121222803,0.6641405209691302,0.6655871859525655,0.6663390888771117,0.662184851850959,0.7200806324822742,0.7228632342787873,0.7297785105218529,0.7318595368825647,0.7316786645865577,0.7303702975549506,0.7683196659780578,0.7684169649049751,0.7732095637020309,0.7770402158117291,0.7801268289587138,0.7787518937780072
3,0.9265680906307631,0.9266342157794292,0.9319204966938923,0.9337021494551501,0.9365502637026023,0.9357767487524276,0.8927816876744826,0.892785964329501,0.8986545850078625,0.9037031833434859,0.9066925382145505,0.9049022325114251,0.8360545844552023,0.8372523934672154,0.8529859184334908,0.8565956945475885,0.8571696252778007,0.8536419834519962,0.84434774657828,0.844769271499119,0.8545027410205346,0.8637587364410536,0.8644510269643111,0.8628634989444188,0.899318649127038,0.8993676121176682,0.9032759421749473,0.9054967263107121,0.906076170863331,0.9037160962083348,0.926669300875029,0.9266704302162334,0.9342729689975312,0.9368127929747493,0.940920728571913,0.9406295596083862,0.9232132497164317,0.9232226916004458,0.931239492398851,0.9356536392075276,0.9429532973637603,0.9421734784536955,0.8628420546983997,0.8628494724608837,0.8730887412949351,0.8748900663366388,0.8746224406868859,0.8726312907908812,0.8565369052923083,0.8565456016236737,0.8634186714722412,0.865490819276068,0.8672987477903431,0.8652365102485113,0.9018066441091956,0.9018210853210193,0.9063336955949053,0.9077142187832026,0.9095976331373571,0.9086039319776988,0.8887372283823332,0.8887624250091695,0.8938651471213844,0.897815869739018,0.9004565976558335,0.8994549189153016,0.8195978400146766,0.8196206224250994,0.829892058807797,0.8332873026028589,0.8376778018321375,0.8364183455978143,0.7699987851559118,0.7701364448191876,0.7891499636436434,0.7905573996538149,0.791550944531678,0.7906513786623794,0.7541901121609512,0.7553717117775265,0.7637586865499691,0.7734573452737737,0.7775790598532137,0.7732215655518513,0.8550230624268136,0.8550545525630373,0.8589405237676279,0.8624981753774145,0.8624105061522829,0.8611616005535067,0.8635525337292491,0.8635562466562678,0.8714666691258811,0.8757560365173129,0.8833003065789558,0.8817840036702634,0.8665599101354179,0.866570411400468,0.8730407230429346,0.88485139665791,0.8947556137651702,0.8946627825173724,0.7815821357145732,0.7817294445145593,0.7868499371205019,0.7916456877372356,0.7891695869555817,0.7905399081356945,0.7968171993114155,0.7969369087572361,0.8025003990426802,0.8054866181554641,0.8057879439487016,0.8040126617759822,0.85319768219223,0.853231919043306,0.8595996501946405,0.8599784384848448,0.8624630226339001,0.8609564189381121,0.8552530794998614,0.8554937219633846,0.8603425538864755,0.8642222024371273,0.8682962022444902,0.8676656117965705,0.7561879490580556,0.7562259694883182,0.763711317780446,0.7698321235223647,0.7774338263383279,0.7769316436544489,0.7158678208897858,0.7163074534947392,0.729484712839219,0.7359895549970636,0.7373891576901832,0.7278637166819202,0.6819172449532367,0.6821133196221391,0.6946495837448645,0.7060198764315984,0.7046247477710562,0.7037730151455219,0.822930796500736,0.8230743590685432,0.8283475896754331,0.8317182543590529,0.8305263846253339,0.8282143596724608,0.8048242112672392,0.8048459097150893,0.8089124186226619,0.8188311513441864,0.824690387957511,0.8238394520033598,0.8124451793147451,0.8124501158405879,0.8252955971355362,0.8319272771386041,0.8479888739388656,0.8464910080052227,0.7148782162134735,0.7149683366555641,0.7239561575551354,0.7270613918000104,0.7265187622025977,0.7213844085281648,0.7561753054544227,0.7579936221563742,0.7621223013033499,0.7655081327929488,0.7665115659039852,0.7629820552662556,0.8105375656203064,0.8105794795436814,0.8144262093520395,0.8185960087984664,0.8210209847298926,0.8196464649642552,0.8213769980128799,0.8218686108848142,0.8293745202820179,0.8327757020994873,0.8365454903942589,0.8355131847313941,0.6949260875958554,0.6950515963066395,0.7054361809490195,0.711829868229159,0.7215369394737858,0.7188170049314262,0.6651217628558223,0.6653685349293785,0.679735724853772,0.6804187033428479,0.6825124728845758,0.6745384904453464,0.6184931523168292,0.6221398780878515,0.6422673994353076,0.6428629448806309,0.6458396902523511,0.6413205252991474,0.7928478882558507,0.7932183739400523,0.8016114502042686,0.8017250076610484,0.8001773430784944,0.798215467448088,0.7465224026590714,0.746740303022863,0.7556704202972875,0.7640164719427035,0.769565101367885,0.7710357612746168,0.758442907396881,0.7584856320467105,0.7728457507345543,0.7841066491224082,0.7967415564096549,0.7967785314681228,0.6543699955348135,0.6547262170611119,0.665975618896685,0.6650007495972365,0.6691810922833997,0.660972308279623,0.7200806324498334,0.7201982236849007,0.7303160487776148,0.7307925125162701,0.7312591452842379,0.7283617172437404,0.7683196660506165,0.7688938686179494,0.7740162979495879,0.7774294699282813,0.7798856694639429,0.7768527369923178
4,0.9265680906445636,0.9265711160689155,0.9293901577310599,0.9336767433066736,0.9364056330352342,0.936091911359982,0.892781687576894,0.892786106511294,0.8981732695501664,0.9030876265405833,0.9062955617653469,0.9052310302851796,0.8360545910083985,0.8361519534779895,0.8523295947737717,0.8586342223585093,0.8577512218819665,0.8550330374535484,0.8443477465796652,0.8454275530060058,0.8556892355432384,0.8630204725224554,0.8645178902224653,0.8621748702356835,0.8993186491281513,0.8993189910118282,0.9028874662901594,0.9054526401476474,0.9055806042411542,0.9044691555211132,0.9266693008714793,0.9266914702958104,0.9332966387899206,0.935780255353553,0.9409356591677993,0.940778405871722,0.9232132497819943,0.9235502684981469,0.934593481993959,0.9362224302360913,0.9428083266680429,0.9415890702649755,0.8628420543516471,0.8628603173388333,0.8745663616497423,0.8746728045163209,0.8742166842131769,0.8738203318910915,0.8565369052927915,0.8565469679387085,0.8599927334783165,0.8650676741201848,0.8668632235677959,0.8646359401538599,0.9018066441329359,0.9018553275515814,0.9047455723440779,0.9079203596525683,0.9100522355016442,0.9086411622066636,0.8887372283607184,0.8887581615578242,0.8947528321909771,0.8974383741347034,0.9005030116380472,0.8998011846507166,0.8195978400147453,0.8196236001962737,0.8307424480664101,0.83264043693248,0.8378567787082036,0.8366865516611883,0.76999878515848,0.7704648414093984,0.7907854518381137,0.7910250729366644,0.7932545961683658,0.7890790119708104,0.7541901121572978,0.7542426612709219,0.7716246231582798,0.7753768361103999,0.7775441128547895,0.7742298995169213,0.8550230624267952,0.855041654685634,0.8600669896913162,0.861897910265865,0.8614118547679925,0.8602325795233179,0.8635525337288121,0.8635536051339282,0.8723942515102966,0.8764163038091385,0.8810008382531117,0.88185046192488,0.8665599101353612,0.8668904293583961,0.876952864698289,0.8850659521086474,0.8956278592943467,0.8944351684022016,0.7815821357623013,0.7818034154654565,0.7908981339710337,0.7917694343171877,0.7941687640504719,0.790176189798423,0.7968171993110091,0.7968579092339737,0.8044821176608413,0.8059464206089454,0.8062455168614094,0.8046064355034362,0.8531976821921512,0.8533170793431658,0.8583166193891663,0.8613313454830587,0.8629001191422925,0.8610295902839666,0.855253080023812,0.8555948874040754,0.8595312929562007,0.8654663709592497,0.8684279877159439,0.8669031864019436,0.7561879490576808,0.7562426953998587,0.7648851567568464,0.7725239834700486,0.7783935721624975,0.7762056326444835,0.7158678534585773,0.7162175816025047,0.7339373127311023,0.7351104613590979,0.7349790280959151,0.7283662951253093,0.6819172447353363,0.6819632167302063,0.7000800105984244,0.7066207084077321,0.7095483043624762,0.7033581841501839,0.822930796380868,0.8230519616941596,0.8292344658176618,0.8315046866244411,0.8299894576433683,0.8298874443369249,0.8048242106974989,0.8048499402724155,0.8083431338242791,0.8179985801400897,0.8242224571929206,0.8248726557653048,0.8124451793147148,0.812506073089895,0.8204329228624497,0.831043020285875,0.848213196076406,0.8459643276984211,0.7148782162202116,0.7150699277951663,0.725698572706287,0.7252714239272046,0.7266298076124238,0.7209679651398889,0.7561753058776065,0.7564112233625436,0.7648793604594604,0.765650426997237,0.7661611260847008,0.764164182158343,0.810537565598116,0.8105976996059883,0.8140613975268294,0.8180986361405884,0.8207932444074838,0.8188994474922786,0.8213769980128802,0.8221264862878251,0.8290216695184854,0.8324900262513315,0.8360829791781264,0.8349373793757623,0.6949260873912682,0.6951375954640867,0.7047979605875195,0.7115684475086281,0.7213100475144337,0.7188027580201897,0.6651217629293962,0.6651605104127901,0.6776046752065927,0.6845520648498116,0.6810263069762307,0.6724500845403042,0.6184931523345933,0.6188200347225731,0.6392338696881181,0.6448303853811437,0.6456402852402334,0.644166727938825,0.7928478884306503,0.7932685236857699,0.7981742734917965,0.8026449637520604,0.8014432747886513,0.7955378839531106,0.7465224026590951,0.7465252233832202,0.7559369677778722,0.7635369692253968,0.7695135533604465,0.7699448352110188,0.7584429074294614,0.7588978680736368,0.773958401201497,0.786043353081411,0.7980503938639346,0.7976460723316479,0.654369995534976,0.6545321199491467,0.6684495771642767,0.6671681716288866,0.6668288356674592,0.6589173065674272,0.7200806327585443,0.7204623849231393,0.7301462902873275,0.7304370237962862,0.730123241384395,0.7280695276427911,0.7683196662252912,0.7683519602833823,0.7746815368499353,0.7772242060024763,0.7797124978868408,0.7769703756358032
5,0.9265680906307711,0.9265975492467163,0.9311665377645092,0.9340330416246556,0.9368557571824045,0.9355617591771754,0.8927816875776905,0.8927932088472907,0.8979294739933532,0.9035412548601329,0.9056468416477093,0.9045342243984416,0.8360545819894767,0.8365031197970346,0.8516529609563417,0.8548658592983431,0.858170797141506,0.8546134766208633,0.8443477467785286,0.8444344686414287,0.8551767122502385,0.8632761842757384,0.8650704078681558,0.8628565366408324,0.8993186491428761,0.8993933924204103,0.9033863575832028,0.9048123591180561,0.9061049376396795,0.9052445048858333,0.9266693008737154,0.9266902281161923,0.9343122595810287,0.9354430032651713,0.9409167279769393,0.9410542148101018,0.9232132497239581,0.9233025537271075,0.9347941926162516,0.937238030954784,0.9425262699675502,0.9424398283196055,0.8628420543662443,0.8628622246609707,0.8717473031461946,0.8734374301854005,0.8742069465819348,0.8731140511728616,0.8565369053293614,0.8566266961505056,0.8606677015542057,0.8660355395110545,0.8667235030540097,0.8653572793601116,0.9018066478884245,0.9018219627337202,0.9054910186657714,0.9081743499773443,0.9102119079274925,0.909061225186609,0.8887372283574634,0.8888067678461363,0.8938877682718998,0.8976350464366338,0.9008413230311173,0.8994012024064207,0.8195978400152824,0.819687636136283,0.8286849941862146,0.8334179432760921,0.8394655259167668,0.8374490106032664,0.7699987851575397,0.7702272397582048,0.7847235981372069,0.7919541283477352,0.794657184276795,0.7892932751429954,0.7541901123011185,0.754895491443384,0.7725414183931724,0.7757511811502176,0.7762390113138078,0.7743125419358464,0.8550230624268406,0.855168904859566,0.8590624123700243,0.8621641625197284,0.8620137880220391,0.8588774075300125,0.8635525337288128,0.8635609068956822,0.8732042867922789,0.8766297525054273,0.8820009205762855,0.8803741897347797,0.866559910135364,0.8665933181140303,0.8766465300943633,0.8835436285253099,0.8945503863234842,0.8937008336408215,0.7815821400117781,0.7816204874811133,0.7884868814889477,0.7924878266606272,0.7920997450435576,0.7900485415720979,0.7968172065610297,0.7974240710188257,0.8027941019638254,0.8063627083253873,0.8062514428246474,0.8036869122756349,0.8531976824518591,0.8533396333069041,0.858203052824211,0.8605260639474908,0.8626101329324675,0.8620965824858217,0.8552530797444501,0.855257409985557,0.863000375759953,0.8655369637410824,0.8685685128132171,0.8668459884080495,0.7561879490568346,0.7562213453865031,0.7653943183589191,0.77214379573555,0.777453734471906,0.7766916636310073,0.7158678208898275,0.7162875590721263,0.7312890480837861,0.733266938440382,0.7377416359283713,0.7320852678497773,0.681917244811441,0.6820035577151291,0.6994653112295679,0.7039368191436579,0.7068216009459516,0.7038360610614937,0.8229307986062211,0.8234768018247444,0.8272851064491058,0.8315359640552924,0.8307655774818123,0.8262491101632959,0.8048242106486778,0.8048309665051718,0.8121119505154004,0.818410354966084,0.8244755290553998,0.8253773532634041,0.8124451793176803,0.8125693221783542,0.8225373166585023,0.8339816296199105,0.8453638791363209,0.8447757248293795,0.7148782162202088,0.7151928851257653,0.7262445477227123,0.7271591921509208,0.724910585998038,0.7203848539866969,0.7561753064381588,0.7573840119981214,0.7640681108255829,0.7660429772836272,0.7656886292219249,0.7626177392962347,0.810537565598116,0.8105992419395925,0.8144499379776488,0.8187117756915392,0.8207991767966571,0.8188961430614956,0.8213770027949281,0.8216496066664322,0.8292135246440147,0.832156573102937,0.8361100386514753,0.8361830734842792,0.6949260874221783,0.6949367846328782,0.7062442727017952,0.7113895575168088,0.7207865092618977,0.7191799956042564,0.6651217629800514,0.665350460557476,0.6800683703686567,0.6839434530757238,0.6818598864440877,0.6770760720549729,0.6184931522942443,0.6264971577669876,0.6394576333473472,0.6454090036233902,0.6459518459068121,0.6437425134146935,0.7928478882723802,0.793210472671845,0.7982707912842232,0.8023573151107448,0.8000631642488062,0.797135543424534,0.7465224026590729,0.7465303289322971,0.7529925862931017,0.7622458606588494,0.7693488525914267,0.7695990350973417,0.7584429073968811,0.7585336744090063,0.7701012653093251,0.7829295390656449,0.7975751972748415,0.7964151312562207,0.6543699955286935,0.6544459669162351,0.6661488721224749,0.6681948098081163,0.6658939515979465,0.662768427757072,0.7200806339071864,0.7215515331724374,0.7291301289524164,0.7307398811153081,0.7318573838140017,0.729297817918392,0.7683196663778895,0.7683349552426858,0.7747306872948382,0.7768250333538234,0.7806429523099783,0.7764363727749314
6,0.9265680906617726,0.9265778752141949,0.932191170675171,0.9338776868855543,0.9364115735666468,0.9357336297574611,0.8927816875842493,0.892814959186771,0.9003495370230308,0.9027686207401023,0.906105889538184,0.9045361505870484,0.8360545822059811,0.8363076500958417,0.8516076253257754,0.8552964386608363,0.8584861379144726,0.8555460592806248,0.8443477465941807,0.8447282549156168,0.8552954959003077,0.8616917544604695,0.8643835591263157,0.8625207244262758,0.899318649128188,0.8993444315131283,0.9027210263814338,0.9049527146180736,0.9033023141562909,0.9053910545924677,0.9266693009470733,0.9267432120910415,0.9307929095253024,0.9368351217855341,0.9405728773000173,0.9406303100490627,0.9232132497161916,0.9232648886886435,0.9340508406552449,0.9375174556627808,0.943021595821061,0.9415945016887842,0.8628420543541697,0.862853309892923,0.8686614377238239,0.8723663974239965,0.8744634901548105,0.8734107009319645,0.8565369052923791,0.8566237163986513,0.8622728303713254,0.8655399927517953,0.8674104640802465,0.8654159778268912,0.9018066441091948,0.9018163530782022,0.9071514835101113,0.9087765969625581,0.9097116839086042,0.9090968634577385,0.8887372283609271,0.8888285471033776,0.8949792254815352,0.8975986326266197,0.900276276467016,0.8995406761690561,0.8195978418246788,0.8196093598963453,0.8285384118251731,0.8326013974139483,0.8377621293728625,0.835596206997544,0.7699987851413569,0.7700466394048124,0.7873974312471707,0.7916653393815207,0.7952616893337927,0.7851668829330458,0.754190112153925,0.7544166090101152,0.7715194044600167,0.7752639388114226,0.7777955736147604,0.7741888976409524,0.8550230624268134,0.8558135958065255,0.860773722453364,0.8606062695715576,0.8608378730819943,0.8586004350350027,0.8635525337287584,0.8636244643965791,0.8723804410679967,0.8776481247783915,0.8809118419742413,0.8807305632700719,0.8665599101353797,0.8667142074255801,0.8760525436643313,0.8883581627713248,0.8946544820342085,0.8939027222548492,0.7815821357145638,0.7817337317929827,0.7903202479854352,0.7917780493887014,0.789830157606846,0.79212609731858,0.7968171994250876,0.7970942706813107,0.8044875591748399,0.8058744023485607,0.8059630745792632,0.8051252415943985,0.8531976821944359,0.8532768665319452,0.8586486550709416,0.8611519662995413,0.8631036409319226,0.8617354647265039,0.855253079499734,0.855407007610548,0.8608922586894434,0.8646865490603225,0.8681292567497924,0.8665541439560003,0.7561879490568335,0.756309829202467,0.7631637638642261,0.770903337722981,0.7772989549335705,0.7757779835001505,0.7158678208897928,0.7160414494776652,0.7303329282427331,0.7373744044029711,0.737109638394508,0.7275796365164485,0.681917244730506,0.6820179059200601,0.6960483711315177,0.7058737979951517,0.7084969029371455,0.7039299877473244,0.8229307963454544,0.8236340852236305,0.8288166325624271,0.8297108378032051,0.8294059841722238,0.827258981637827,0.8048242106527039,0.8048450485091418,0.8112237139654943,0.819471685615462,0.8237437911270828,0.8244886866411971,0.8124451793147975,0.812640779563992,0.8214557853292543,0.8351369196292165,0.8461072248447996,0.844372234145393,0.7148782162206132,0.7160778533247172,0.7260712018965412,0.7261496490850703,0.7251716209812715,0.7227451977097252,0.7561753054543483,0.7570681576453901,0.7644365981316963,0.7650941156086131,0.7664292523465506,0.7628966175788605,0.8105375681055649,0.8105447824938898,0.8157907356580665,0.8176787277761459,0.8197883220893395,0.8178761165472878,0.8213769980128829,0.8214669850211043,0.8276541610746009,0.833114567637464,0.8365091439348848,0.8351910621543196,0.6949260873908296,0.6950464527218693,0.7060859056376034,0.714377164353288,0.7202645091136493,0.7176278040617883,0.6651217628813291,0.6654993736925698,0.6780369831775862,0.6808526611656891,0.6845013743535875,0.673192000040553,0.6184931525869537,0.6201742791410942,0.6342770152025343,0.644861648255604,0.6465289504778534,0.6419616724628376,0.7928478882971235,0.7930229381994538,0.7995058156851191,0.8018571090072318,0.8014376248762676,0.7986549346817349,0.7465224026590751,0.7465327613418549,0.7542847820608954,0.7598843261910769,0.7698000374948561,0.7703473777019584,0.7584429074000981,0.7586539793599693,0.7703106961169852,0.7851538219193674,0.7954736964867571,0.7972632407589807,0.6543699955443811,0.6552005251683273,0.6655862650182469,0.6661050768668725,0.6662942781997594,0.65907714344421,0.7200806320560429,0.7201130603339885,0.7303391247412048,0.7314282172293236,0.7313313119060725,0.7289985568424585,0.7683196659842806,0.7683888122953076,0.7740240253504104,0.7773185729875346,0.7799796123010075,0.7770636832756839
7,0.9265680906316415,0.9265783408810394,0.9312415772553093,0.9334421334826039,0.936345992118386,0.9360688514651607,0.8927816875759862,0.8928975541139295,0.9002520331298085,0.9030970750522729,0.9059040159214569,0.9058506090548809,0.8360545820054971,0.8363633322574784,0.85439507146306,0.8569444856353834,0.8595553613421781,0.855514270679343,0.8443477465786446,0.8443666134665819,0.8593814053476325,0.8634396002328375,0.8642209213807602,0.862580099544095,0.8993186491270374,0.8993295590075983,0.9044438134169277,0.9042070476796528,0.904443341757096,0.9038423972718775,0.9266693008715198,0.9266758035087475,0.9320209511708515,0.9373460591670552,0.9408695785659934,0.9402561055226579,0.9232132497161936,0.9232187216132657,0.9287077546507831,0.9386566480344386,0.9425496404416894,0.9416672696726975,0.8628420543516464,0.862990691322017,0.8720828502771645,0.8739745269219907,0.8739771107344586,0.8724446057188919,0.8565369052923081,0.8566073517492105,0.8609983835309676,0.865443219508946,0.867068011395512,0.8650884435666238,0.9018066441101483,0.9018389903580357,0.9074059504972964,0.9085533029105405,0.9099122339374182,0.9090506095873202,0.8887372283575556,0.8887385521839091,0.8942281706501,0.8978983204937646,0.9010286191451695,0.8992044389937306,0.8195978400189949,0.8196077155178243,0.8303237427152779,0.8327611076256758,0.8376494143804222,0.8363633234474761,0.7699987851559098,0.7700549999948272,0.7894481924636949,0.7935255596610775,0.7946244049546168,0.7883770513112368,0.7541901121756642,0.7542110251514812,0.7724519038212969,0.7765028976998118,0.7778271113856614,0.7730130613550201,0.8550230625336266,0.8550385915979102,0.8613379506029091,0.8621696217504983,0.8618522829692046,0.8596763202070814,0.8635525337288077,0.8636567557224843,0.8689081789527877,0.8757852834088011,0.8814139494704699,0.8825945164649278,0.8665599101353673,0.8671168707613037,0.8788821451675135,0.8843894692596405,0.8944821072895025,0.8947893161292795,0.7815821357145607,0.7820379681455915,0.7902538733735798,0.7923918117761123,0.7925415394025414,0.7882864321059381,0.7968171993119972,0.7973484693260279,0.8030083088249395,0.8062585211288255,0.8060899827671681,0.8052020488573106,0.853197682191914,0.853233656417232,0.8549984603836519,0.860148802363087,0.8630603498395844,0.8613500369533811,0.8552530794898725,0.8552779160943323,0.8622083527924875,0.8636550027231915,0.8684139471935315,0.8667255399398237,0.7561879490565312,0.7562067831820766,0.766202574471339,0.77164820300559,0.777365091645018,0.7764151620273507,0.7158678208938978,0.716602704333474,0.7317729576900793,0.7355985047032543,0.7375741795332788,0.7298181743113101,0.6819172447366588,0.684733159660587,0.6964615204124998,0.7066004058742449,0.7083152947807223,0.7045147553259028,0.8229307963378885,0.8230571118416515,0.8293356026534456,0.829536266988383,0.8301919849109312,0.8262812086088654,0.8048242106832224,0.8048985789415066,0.8114071025081957,0.8142352164706291,0.8250011593174472,0.8240252260144358,0.8124451793333597,0.8132154293947575,0.8247274936698955,0.8357612081732279,0.8462757923323048,0.8458626202154623,0.7148782162157434,0.7162087776762793,0.7260673921345684,0.7281850905203882,0.7271084930023968,0.7209847563725896,0.7561753056417181,0.7571924517618537,0.7627774381318748,0.7657341334183313,0.7656317172220836,0.7625091853801789,0.8105375657072035,0.8105453564393181,0.8149599391280253,0.8193530528345868,0.8208503656774374,0.820058005101962,0.8213769980129502,0.8218967964931575,0.8290562208952905,0.8335379225574789,0.8359372870031782,0.8357592146541148,0.6949260874331797,0.6956793592711187,0.7046585870951694,0.7131973752474505,0.7221192105680289,0.7191460351509833,0.6651217628540234,0.6651624572579253,0.6795669357773777,0.6826265512868455,0.680705294751659,0.6763760450118286,0.6184931522791368,0.6207341183991488,0.6377021091105063,0.6455410215465233,0.6461595353378491,0.643299813038549,0.7928478882639706,0.7934602566415588,0.8007595613582794,0.8039315769281303,0.8016696060685207,0.7972572870607948,0.7465224026590729,0.74662963441894,0.7552211001552899,0.7624334534899176,0.7694031498519578,0.7711940484608933,0.7584429073971709,0.7585391816213682,0.7718359199854007,0.786309060921784,0.7969711679309276,0.7974061581023142,0.6543699956010789,0.6544651972063018,0.6651975204051942,0.6673786258422012,0.6678036248240593,0.6619129574087866,0.7200806326091833,0.7207148048558926,0.7292557222340361,0.7307827741887799,0.732467623454558,0.7282322510212288,0.7683196659787541,0.7683255868910446,0.7721160174143842,0.777748478731465,0.7803950004585247,0.778040302093846
8,0.926568090630763,0.9265774090035198,0.9298256643477223,0.9337005658921195,0.9361786507711757,0.9358590841063161,0.8927816875854073,0.8927911559237989,0.9003483856862069,0.9033125389886206,0.9068113580129192,0.9059702161896475,0.8360545852508904,0.8369212634559783,0.8538126752250825,0.8574024145745287,0.8570198218581678,0.8562909286266052,0.8443477465780959,0.8443981516962791,0.8566820933946726,0.8629727189401372,0.8646759017084419,0.8621557278799796,0.8993186492067133,0.8993708317464056,0.903772183301046,0.9057689451799515,0.9068150664128325,0.904968715437277,0.9266693008714799,0.92668342366377,0.9315363708887454,0.93736636437464,0.9411895196524879,0.9408530821725242,0.9232132497278649,0.9232623725628765,0.9309207526572485,0.9375231577668813,0.9432629068569759,0.9424687126663868,0.8628420565529531,0.8628587080187755,0.8718048762076487,0.874386792026239,0.8748896463153264,0.8731105675464738,0.8565369052923566,0.856537647000422,0.8637819017429715,0.8654924125992193,0.8667385426102439,0.8653550456189781,0.9018066441138133,0.9018342571121699,0.9074391499559208,0.9089166991942148,0.9100922535345097,0.9088136629405386,0.8887372283574634,0.8887375517610445,0.8950049978592104,0.8980443548909154,0.9008196010323591,0.9004080625803301,0.8195978400177517,0.8196021007432523,0.8263993322197021,0.8321694649382385,0.8381744220013791,0.8378549687535359,0.769998785174091,0.7703966121328806,0.7887611631168694,0.7911830532928301,0.7917731361861874,0.7866030381835967,0.7541901121762432,0.7554989378634477,0.7667577898199579,0.7745769936989555,0.7780780722781997,0.7747095258202967,0.8550230624405118,0.8550546898492157,0.8596062576156115,0.862023159803885,0.8632156339348158,0.8601424529054054,0.8635525337610467,0.8635537453551176,0.8713060959609841,0.8763179920904551,0.8820898285072594,0.8815631346385382,0.8665599101353828,0.8665668302989484,0.8765149500053294,0.8863905748845464,0.8941603106039268,0.8934548979355301,0.7815821359144011,0.7816393160715447,0.79079702421274,0.7931447788599568,0.7933668490735788,0.7881714824747991,0.7968171993817222,0.7968462498534697,0.8032637199187784,0.8059097493022579,0.8067869121021947,0.804088775128982,0.8531976821967711,0.8532506753730971,0.8595315801608154,0.8603160731942807,0.8626982914849903,0.8611351115948909,0.8552530794879898,0.8553502454886265,0.8623373653458443,0.864985642401461,0.8675423315295638,0.8671920344206192,0.7561879490568362,0.7563880448196723,0.766656220341233,0.7716363332112345,0.7777549868038034,0.7762716320208576,0.7158678208931382,0.7160782823796527,0.7323174018995486,0.7347845199792973,0.736754235642619,0.7307500434500329,0.6819172449448687,0.6828736347068377,0.6954162887434807,0.7056849207821649,0.7096951713213354,0.7044236095972233,0.8229307963386574,0.8229699376802901,0.8299661290180856,0.8310469268110673,0.8287493562556056,0.8292208084551894,0.8048242106527448,0.8048711120640606,0.8108231310252534,0.8196403518227775,0.8246983416928355,0.8234285937362001,0.812445179326466,0.8124562223954052,0.8195296450131987,0.8317706631484904,0.8472662849931695,0.8452431678132758,0.7148782163539396,0.7152158650254018,0.7250291294705835,0.7283330495671343,0.7270495268212005,0.7197817553623259,0.7561753054543439,0.7563999441464764,0.7631297636043468,0.7655584455361834,0.7665617322123751,0.7638836307543453,0.8105375666388068,0.8105544520318447,0.8156467463335455,0.8188345629406566,0.8200921437842639,0.8188200617031282,0.8213769980133739,0.8214795233413981,0.8297804950526212,0.8315733925095434,0.8359311323979288,0.8360583649908249,0.6949260873907379,0.6949458146563154,0.706054965540758,0.7113495642189833,0.7214572820275198,0.7182667939188863,0.6651217628541892,0.6657426262883337,0.6794619432810396,0.6805283309330796,0.6827342420248279,0.6726355953996984,0.6184931528332672,0.6187741480617899,0.6338264452765299,0.6429963955418099,0.6460869089585971,0.6418894688801082,0.7928478883487348,0.7932515045675826,0.7994580964607468,0.8022410347880513,0.8028986068275905,0.7986793547633515,0.7465224026658364,0.7466452148220839,0.7524892523160784,0.7617769888030592,0.771247276690797,0.7686113246202837,0.7584429073993944,0.7584967818778209,0.7710527480384758,0.787929691033909,0.797743309384674,0.7971481199212068,0.6543699965336105,0.654478629139927,0.6643593494062128,0.6674086765940671,0.666806448426832,0.6618143718184335,0.7200806618187094,0.7201912263973549,0.7302339354608963,0.731383336635225,0.7322987467349451,0.7308010115991856,0.7683196659811612,0.7683684985872281,0.7734107059515367,0.7763934235247321,0.780081084698082,0.7777864687065447
9,0.9265680906307577,0.9265689100249141,0.9325887254120827,0.9340341590014618,0.9364206493840116,0.9353364620219691,0.8927816875759893,0.89284181255482,0.8993644109829945,0.9035002334818542,0.9057368191173595,0.905471876084253,0.8360545819960267,0.8366052736164117,0.8552673568971886,0.8565124647813145,0.8582157330343294,0.8523277616660055,0.8443477465780965,0.8443796612413892,0.8614684673924835,0.8631886553738705,0.8645978497394412,0.8627481305782362,0.8993186491271371,0.8994328151860377,0.9042000030611055,0.9057708676640455,0.906163477444114,0.9043474345060591,0.9266693008714886,0.9266948554618301,0.9331128329419883,0.936524777917804,0.9407785248252598,0.9404596084564626,0.9232132497161915,0.9232326237749917,0.9334869559137388,0.9374559152545099,0.9428308131748357,0.9418865791513897,0.8628420543522166,0.8628553396242529,0.8708157307928164,0.8751898021239668,0.8753436712183039,0.8739577005454068,0.8565369055346626,0.8566084980171806,0.8630409985499135,0.8653402869747744,0.8664089410519917,0.8649160884171971,0.9018066441092141,0.901813732441363,0.9055281178799951,0.9088748500925793,0.9097408405601496,0.9087113116943776,0.8887372283593055,0.8887478396029898,0.8952969257207108,0.8975300525823625,0.9005697695937449,0.8999064241583645,0.8195978400147157,0.8196799596980351,0.8286035404982708,0.8319929744657547,0.8379910433541513,0.8356099553517803,0.769998785157277,0.7701757765273214,0.7910708181138137,0.7936692668058895,0.7931490913146751,0.7887427059190556,0.7541901121581236,0.7548726655541058,0.7669668749277196,0.7741506398886767,0.776714187584261,0.7741544250668282,0.8550230624270418,0.8550977570372944,0.8593602064048708,0.8620746577742779,0.8610254079896873,0.861700571458432,0.8635525337288131,0.8635593987309231,0.8718384891007289,0.8763971779423247,0.8812145304133928,0.8815220256592213,0.8665599101353634,0.8668954406594876,0.8763071034438201,0.886697603013241,0.8949424201646183,0.8930413419371964,0.7815821357145449,0.7821860175107551,0.7906794644851782,0.7917409573293459,0.792072633667234,0.7870006914153961,0.7968171993622704,0.7969576315331498,0.8035503366838421,0.8056623315375986,0.806509388954143,0.8051169506372526,0.8531976821919098,0.8532017933420066,0.8577706964752971,0.8604553631554055,0.8623232251971361,0.8610451394859788,0.8552530794878517,0.8552853445339041,0.8618537813916675,0.8650699538943236,0.8683188201447546,0.8665860241610028,0.756187949056837,0.7563015709488579,0.7635556490123075,0.7701877178111243,0.7789505716902109,0.7769769426085018,0.7158678208902445,0.715974264838918,0.7320786965674702,0.7346770313945012,0.7363716714328741,0.7360079661216046,0.6819172447311146,0.6827638794284568,0.7019930968525067,0.7054615893752956,0.7103017497196666,0.7045313396471158,0.8229307963393024,0.823036793348427,0.8288411288491406,0.8321328307303347,0.8326541476044445,0.8285563720013118,0.8048242105825085,0.8048370074177963,0.8124104371810565,0.8187377514967701,0.8243278701023133,0.8227017468465077,0.812445179318019,0.8125879926868376,0.8258775274210618,0.8354434805067322,0.8458649961503956,0.8446692738358121,0.7148782162257139,0.7150567028879592,0.7231291372089573,0.7262982492519239,0.7262864737950983,0.7220220856928559,0.7561753054543452,0.7565510107972824,0.7632247467343297,0.7659783500503212,0.7657859212228336,0.7628963502666405,0.8105375656256844,0.810565429192267,0.816804062920782,0.8185142943627928,0.8208735279074892,0.8188018796880863,0.8213769980128809,0.8215044123491283,0.8303854812948959,0.8333547826574306,0.836053671637043,0.8346627092778595,0.6949260940162009,0.6950629595502986,0.7049410604173734,0.7116261909100514,0.7202552259692719,0.718679214316718,0.6651217629006342,0.6651594850151997,0.6756912060828264,0.682516175283496,0.6828146641887315,0.6724923975558353,0.6184931522796059,0.6187010718231721,0.6402710856783318,0.642918138955344,0.6463200198244863,0.6420973644935407,0.7928478883749822,0.7929104038474163,0.8001696161902809,0.8021655895957909,0.801567770653626,0.7990586248514755,0.7465224026591775,0.7465935746828785,0.7517138018184273,0.7607222374972086,0.769086395685966,0.7701468289533668,0.758442907403219,0.7585505091868543,0.7703882746084478,0.7840341229713548,0.7991021979823618,0.7966837492940662,0.65436999553498,0.6543706560331652,0.6661814419524279,0.666019833748563,0.6675390284291984,0.6606693406096036,0.7200806320376066,0.7223112586226204,0.7292205890586554,0.7306069680278283,0.7312347840014852,0.7288681617494494,0.768319665977958,0.7683900490137927,0.7754115197465129,0.7782240810314107,0.7804570557515289,0.7787851414873905
10,0.9265680906307593,0.926584850528033,0.9323622471051245,0.9334610133542924,0.9363958588128897,0.9355263862200169,0.8927816875759913,0.8928158777836176,0.899194747843349,0.9034335694637853,0.90621581538484,0.9055106975639216,0.8360545820934635,0.8364688082653308,0.851396590634849,0.856690466842522,0.8590760997944109,0.8544519384906673,0.8443477465881384,0.8445860287210043,0.8571082597503662,0.8618903287815022,0.86454085751586,0.863047275206313,0.8993186491363356,0.8993312277663885,0.9023608918526954,0.9051255599728252,0.9056122222729083,0.9028350166060768,0.9266693008716959,0.926677039980612,0.9344998104406901,0.9371717007534446,0.9403177233017725,0.9408918564293616,0.923213249716212,0.9232791748465404,0.9333867311654527,0.9368001333628344,0.9428538918850461,0.9421101642596909,0.8628420543743729,0.8628452436065919,0.8708571929922856,0.874045179347861,0.8742636670670146,0.8729839125505886,0.8565369052923086,0.8569609976985533,0.8637863031050098,0.8652083882933765,0.8670066695298365,0.8652574862642634,0.9018066441705042,0.9018117328838714,0.9058976645321518,0.9087369185297529,0.9099839362953295,0.9089733405510776,0.8887372283574663,0.8887601277020158,0.8926422994150306,0.8962788750230787,0.899529239264224,0.8999007807557985,0.819597851810105,0.8196166404932257,0.8276024404442206,0.8314621926312361,0.837608361172695,0.8358035322514119,0.769998785155211,0.7703780819731451,0.7882619823303417,0.7943588814978255,0.7935306924014851,0.7861167293032517,0.7541901121572772,0.754443725921941,0.7692035249482211,0.7765704712301638,0.7771206862580899,0.7749507260803957,0.8550230624270682,0.8550264607525283,0.8585116873018053,0.8620760622101823,0.8616501265690117,0.8618201722155195,0.8635525337288119,0.8635659854628404,0.8713393413702403,0.874965244162824,0.8825526704907598,0.8804060786220702,0.8665599101353672,0.8665965437904498,0.8781488465002776,0.8824598407356822,0.8949755177353891,0.8944839787498251,0.7815821357145549,0.7816872281508698,0.7917306864631024,0.7940998344547572,0.7926475348264878,0.7890085005532341,0.7968171993115022,0.7968697632403337,0.8026102707850236,0.806372494257185,0.8062880698209848,0.804777397051935,0.8531976822104455,0.8532104336525863,0.8583760924850639,0.8617421055932384,0.8623792636599553,0.8605685452067109,0.855253079487851,0.8553366805821565,0.8629575226018641,0.8640327323703125,0.8677593748240119,0.8676822668870776,0.7561879490593704,0.7562065609022638,0.7651846788377749,0.7718436116236651,0.7782745481006619,0.7759682149576513,0.7158678208860015,0.7160251566388605,0.7300743741766521,0.7361184799808216,0.7343778112516239,0.729787633546452,0.6819172482852573,0.6822459040378814,0.7012250404331388,0.7027575649477561,0.7085006631574947,0.7041068095135716,0.8229307963369525,0.8234552553488487,0.8305086159810376,0.8317711987380525,0.830408011383842,0.8283989142364314,0.8048242106486283,0.8049659899304145,0.8102979434148248,0.8172143277238622,0.8240368327629884,0.8224948606776951,0.8124451793150747,0.8124744075340191,0.8262545674968695,0.8320526696138411,0.847878388317538,0.844468703140571,0.7148782162217099,0.7153355742940734,0.7239287176138849,0.7271243690159512,0.7252768688400758,0.7210943332943345,0.7561753059374443,0.7578217178351567,0.7638777157895473,0.7661992466321329,0.7662960071612283,0.7630237229161199,0.8105375655994091,0.810659836066857,0.8142648105426941,0.8179989056025082,0.8215904881603322,0.8189078500767799,0.8213769980129974,0.8215139690134972,0.8304813525439158,0.8325497033884562,0.835609529152747,0.8352227983231919,0.6949260873919001,0.6950579712304488,0.7054264691323675,0.7117080050541809,0.7196356478874834,0.7176149180423284,0.6651217624971086,0.6651429533717677,0.6750712616010983,0.6823726231588567,0.6849200038307848,0.6734576101318943,0.6184931523121873,0.6221998332179841,0.6362977520341144,0.6441605743689351,0.6439259144781622,0.6431771921372157,0.7928478885559149,0.7935975753075759,0.8006435857347436,0.8024995494815004,0.799657614691283,0.7985603384833186,0.7465224027483485,0.7466318893780891,0.753896405394794,0.7629494007703599,0.7701307502752894,0.7698287967156581,0.7584429073966532,0.7589837238419941,0.7739617148058504,0.7829795075767939,0.7983484358495315,0.799135550429278,0.6543699955470632,0.6551986568479838,0.6658007954990024,0.6671848563321121,0.6698387464997647,0.660606671923244,0.7200806326624472,0.7203591739386224,0.7284901971058283,0.7311288293661415,0.7314633414940283,0.7290029368703733,0.7683196661491113,0.7684260342833102,0.7754335281335956,0.7773128553039125,0.7789773325707839,0.7786066625285785
11,0.9265680906307548,0.9265691098839128,0.9323920631764625,0.9339110752740118,0.9361153770478876,0.9359393643351585,0.8927816875759904,0.8928228932747334,0.8987213241664676,0.9026241051829603,0.905761158645722,0.9054734360933373,0.8360545819883166,0.8363247464243543,0.8540513167947313,0.8552168046406884,0.8586245067943354,0.8540208762649848,0.8443477465780953,0.8443884828979213,0.8577273537674202,0.8634211353039302,0.8645944893199426,0.8631078512936797,0.8993186491282052,0.899403912826259,0.9036568528048275,0.9057748751736265,0.9048464418659016,0.9052284604926377,0.9266693008715359,0.9266746911250262,0.9336223955602296,0.9367205685426465,0.9411835500888808,0.9409745800134313,0.9232132497161851,0.9232375602185829,0.9318089227409799,0.9369409461444044,0.942633783844234,0.9419897179603615,0.8628420543516464,0.8628456178364164,0.8699125881811675,0.8752694819611733,0.8755136299550936,0.8730079400808612,0.8565369052958802,0.8565519485695692,0.8621147346049203,0.8652674557786144,0.8670267787302186,0.8648541239885039,0.901806644109198,0.9018098411146226,0.9056306134427062,0.908143378586332,0.9097617798103897,0.9091134896797255,0.8887372283574738,0.8887789928519668,0.8941587246521341,0.8973267121630772,0.8995963877283171,0.8990467856762763,0.8195978400146767,0.8197386380153455,0.8275709575034687,0.8307778866046222,0.837506851946092,0.8371063490883673,0.7699987863581731,0.7724352698777796,0.7887629878128296,0.791805237816738,0.794461602189101,0.7881869082190933,0.754190113130253,0.7547547786973707,0.7684324266830442,0.77665683930055,0.7777609373125793,0.7738582385960122,0.8550230625307327,0.8550822490484056,0.8593778495035644,0.8623978243439595,0.8619023574220726,0.8592973135643948,0.8635525337808131,0.863701586706578,0.8688770355407307,0.8780350394126492,0.8813515249228052,0.8804360613301261,0.866559910137225,0.8666693758162136,0.8764454941299351,0.8833329524580285,0.8946780949297943,0.8945426976871927,0.7815821380226531,0.7815875326193126,0.7928625077659723,0.792981037160224,0.7929556301450117,0.7893640080345593,0.7968171993192663,0.7969596210188402,0.8035281913261576,0.8055795688507701,0.8071832531643583,0.8040137679502988,0.8531976821919639,0.8533894456581518,0.8589100008220714,0.859772718854919,0.8627192526241798,0.8607821323331656,0.8552530794878852,0.855327525813044,0.8606756524343473,0.8642990775762315,0.8675727550840855,0.8675502144576327,0.7561879490568636,0.756389150333004,0.7691784961844038,0.7719552327823926,0.7778172227303239,0.7764092060813694,0.7158678208823177,0.7165517859034161,0.7321930261655981,0.73662880928602,0.7385365741017453,0.7329294835778182,0.681917285037587,0.6825184973268595,0.6989155698238615,0.7067125694060818,0.7084224907347164,0.7047928047958573,0.8229307963362474,0.8229587165749523,0.8290251393833933,0.8316649216483042,0.8314702800281688,0.8284023375214167,0.8048242106488186,0.8048605410274305,0.8105206650187607,0.8181007157057174,0.8244056467955136,0.8244273163710145,0.812445179319383,0.812487707420517,0.825152713049553,0.8318190728734621,0.8472575265299799,0.8457787970542012,0.7148782162710927,0.7149294227163334,0.7252898058827955,0.727241327524194,0.7271988836987023,0.7205358962945863,0.7561753054705805,0.7563591487340631,0.7621615616332476,0.7653586773150189,0.76588393007733,0.762694997157304,0.8105375656031166,0.8105556687470974,0.8148427239414939,0.8173192196867485,0.8202382648334408,0.8179998890301414,0.8213769980137102,0.8213842858196436,0.8303597484770382,0.8326344567570514,0.8361461127843504,0.8351277044699241,0.694926087397693,0.6951229207659493,0.7094163970383363,0.7113485645985398,0.720535660326985,0.7195328336970163,0.6651217639218076,0.6657071996167785,0.6801167880790958,0.6812535468814344,0.6828370055661033,0.671691948812245,0.6184931522807613,0.6193640733582977,0.6373424880261422,0.644234422083527,0.6462025143055976,0.6422650581298905,0.7928478882641081,0.7931220486155642,0.7987002242225312,0.8026716158111126,0.8022021345829657,0.79816090817569,0.7465224026690291,0.7465726818676917,0.7537668171899139,0.7614357255116375,0.7699803332650015,0.7701307346763206,0.7584429097788393,0.7584893162873375,0.7704436545001749,0.7798582065467512,0.79666418392091,0.7977239452051406,0.6543700023698209,0.6547081246078126,0.6683532901726033,0.6652760136619797,0.6694022419012313,0.6638425132474328,0.720080632035405,0.721134153769051,0.7282386005072172,0.7316010284294874,0.7315464961182847,0.7283296315087229,0.768319666167856,0.7685122295008403,0.7752198188018374,0.7774502874265958,0.780018161844875,0.7775837494038199
12,0.9265680906354061,0.9265778335684166,0.9299231446582712,0.9336143242847201,0.9359695572389856,0.9353689515075485,0.892781687886218,0.8927827398645894,0.8983840764979072,0.9024156992983677,0.9063784986758462,0.9054436145987632,0.836054582294379,0.8361056758969265,0.8563111252810258,0.8557732055146515,0.8579525944446971,0.8545571708965319,0.844347746611549,0.8444571939196363,0.8595764558852016,0.8634433377609719,0.8649292304232563,0.8615947843428567,0.8993186491270373,0.8993935665799754,0.9018903958067734,0.9059106703223595,0.9062430705872218,0.9039828972515334,0.9266693008786522,0.9267187830815037,0.9342615537834372,0.9365658789592746,0.9408543450665937,0.9405692513461282,0.9232132497161801,0.9232803523740464,0.9319913587595625,0.936981700746366,0.9418616983805711,0.9415943285619066,0.8628420543509615,0.8628508228051596,0.8712246511659478,0.873529470859401,0.8751714667562314,0.873075672265925,0.856536905377907,0.8565440114383058,0.8620989593505779,0.8656280758348653,0.8670540796457058,0.8654860036140093,0.9018066441091948,0.901818827548076,0.9068158689446291,0.9084630764255456,0.9097034413570162,0.9083140995597753,0.888737228357474,0.8887484883310651,0.8945410060918924,0.8970143716279941,0.9002870191677121,0.8996100942282915,0.8195978406282938,0.8196362757808416,0.829197318680908,0.8333972153531678,0.8380837403174026,0.8367546515875083,0.7699987852701311,0.7701816105877033,0.7896012075021976,0.7920283163236176,0.7932786067732219,0.7867520118202537,0.7541901121691591,0.7542997745669046,0.7694647355476606,0.7768033633627357,0.7770913174326733,0.7749466861178326,0.8550230625772679,0.8550551294362979,0.8587708785296208,0.8620607049732818,0.8613757141165004,0.8611149006503048,0.8635525337288119,0.8635610824392097,0.8700464261457499,0.8762381709652399,0.8816770151692811,0.8814511332543743,0.8665599101413006,0.8665734335942336,0.8745051999993992,0.8865771405151769,0.8943788103333407,0.8946342415380139,0.781582136171484,0.7816217574110768,0.7876562382326937,0.7917718837718353,0.7918547998532334,0.789120891679918,0.7968171995480828,0.7969323020056676,0.8047429332534868,0.8055549983398351,0.8065336942397302,0.8043878147779882,0.853197682192991,0.8532212293123919,0.8573448204746414,0.8605093517661102,0.8625131812866296,0.8613258037293732,0.855253079487851,0.8552908179335132,0.862663318965693,0.8647045525084784,0.8688718892068564,0.8667990086777854,0.7561879490573647,0.7562079160308512,0.7653167850341278,0.7694899161587619,0.7770609388595462,0.7760228757023799,0.7158678208903717,0.7161413411926701,0.7339695178703155,0.7355001798230449,0.7334022815153536,0.7311769203066958,0.68191724473285,0.6843967490333904,0.7037082555423513,0.7067468499911355,0.7090063293463258,0.7042777256275936,0.8229307963364338,0.8235942516986292,0.8288074049213368,0.830835853297674,0.8279972365259822,0.8285249630130961,0.8048242106754131,0.8049122616056524,0.8108365875280681,0.8172525141025858,0.8250884404768304,0.8246183670982297,0.8124451793164293,0.8124819475132363,0.8251217953340806,0.8333066662876919,0.8474526798340782,0.845298801621059,0.7148782162290475,0.715475735089738,0.7252244299413979,0.727225756082454,0.7277718963307569,0.7219715313122417,0.7561753054550684,0.7562814555299766,0.7641139901479224,0.7659783176589461,0.765674246838169,0.7632364827592494,0.810537565598152,0.8106145792769348,0.8166142142218561,0.8176424597941411,0.8209885154273961,0.8186025275538614,0.8213769980129104,0.8214442913172789,0.8292512335606625,0.832855631535239,0.83641649626984,0.8349527619759788,0.6949260873907375,0.6952391215783172,0.704920946204854,0.7128153857121019,0.7212690133910706,0.718598214890217,0.6651217630044084,0.6653192869930871,0.6741485956861135,0.6828923006610421,0.6817590552135084,0.6743254655201316,0.6184931522792431,0.6218798259575227,0.6422028418193326,0.6446649721219713,0.6461105498260844,0.642479210640428,0.7928478882559897,0.7938520508462318,0.7996641968247266,0.8025727311676516,0.801479904032729,0.7984600383439804,0.7465224028107269,0.7465232603639945,0.7540835928016953,0.7611553143904851,0.7709344819239989,0.769946766858088,0.7584429073968912,0.7584587033221735,0.7679789208102286,0.7820745838732392,0.7966137175844477,0.7966513288392634,0.6543700069211664,0.6553126650134139,0.6666707048176933,0.6671735152350151,0.667434007229561,0.6609907777062866,0.7200806326641076,0.7204409951726898,0.7296484840252014,0.7304525171221912,0.7310591931296722,0.7271400077019263,0.7683196661886996,0.7683212964025081,0.7758408518450972,0.7769331248570585,0.7799891474767833,0.7770162688079582
13,0.9265680906307913,0.9265727114986602,0.9294564996904596,0.9335058036016827,0.9364025958100881,0.9352796538487766,0.8927816926191144,0.8931770267858072,0.8986594234195215,0.9036314090099815,0.9063695576188189,0.9057312071457009,0.836054582070609,0.8365881011856093,0.8517651983701151,0.8556750303447515,0.8581550392918578,0.8543391493405961,0.8443477465780957,0.8445153063570365,0.8557108860983123,0.8631820202272592,0.865275191888863,0.862643842851815,0.8993186491256917,0.899347540450723,0.9025602989314498,0.9054704253568718,0.9062502879514206,0.9056521375482978,0.9266693011734226,0.9266968251760859,0.9307484782275091,0.936615354965781,0.9412790022477101,0.9409673896596051,0.9232132497161801,0.9232270914684455,0.933769513304433,0.9373084420833924,0.9421492516781035,0.9420299055407474,0.8628420543516928,0.8628622807601289,0.8676882830049784,0.8745125964442854,0.8744782579050808,0.8724987330513407,0.8565369052939829,0.8565416799320059,0.8639852489352897,0.8648557963186808,0.8663278324483084,0.8650618715358008,0.9018066441091949,0.9018548167242878,0.9046316574239256,0.9086201002488522,0.9098917638464519,0.9088470768504637,0.8887372288288309,0.8888088026495168,0.895071436033138,0.8970357091402894,0.9006354109164193,0.8993189109393868,0.8195978400196046,0.8197099367939016,0.8297652194386415,0.8324988612069565,0.8380667196926344,0.8371046464865648,0.7699987860608108,0.770237656634406,0.7875980576007129,0.791844982346347,0.7931128599075172,0.7896185728458625,0.754190112260565,0.7552595248575084,0.7677201358192544,0.776945294319348,0.7783386201186278,0.7758106385080583,0.8550230624268718,0.8550893044043467,0.8592020546943969,0.8628856781266877,0.8622804550968403,0.8601144989237467,0.8635525337288122,0.8636282783706454,0.8713557931144198,0.8742242140152774,0.8815051719845086,0.8821106606248386,0.8665599101353613,0.8665733151914358,0.8794247567097611,0.8860887466399556,0.8956671190228926,0.8932604063204895,0.781582135703271,0.7818139635140022,0.7923505430430151,0.7918646564196996,0.7928773734536048,0.7906918656391418,0.7968171993212205,0.7970281877335708,0.8039259323194604,0.8062636954526123,0.8064622634302303,0.8034199234071765,0.8531976821919188,0.8532003329199886,0.8582338595371645,0.8601433449781748,0.8624978481299097,0.8610585423294201,0.855253079487851,0.855306920003258,0.8613121881092016,0.865821993107476,0.8680207986374071,0.867698161482592,0.7561879490568733,0.7562344400429148,0.7637296202906039,0.7717457628141824,0.7781901698836615,0.7777021628630599,0.7158678211469445,0.7161731943036123,0.7328051643918807,0.7366555465741207,0.7360666618242204,0.7280636084968385,0.6819172447304214,0.6837216736107096,0.7000264391750048,0.7066644785781198,0.7086102091429696,0.7042875322046429,0.8229307963368917,0.823077700995224,0.8282327137252466,0.8301528448800126,0.8300253420000435,0.8284844107708768,0.8048242106572454,0.8049565498059131,0.8119509673847839,0.8151260562122561,0.8245301477519722,0.8245647077193249,0.8124451794111743,0.812896039344446,0.8254541929974418,0.8342242225296017,0.8458261058812437,0.8465712197519811,0.7148782162331506,0.7155072999856829,0.7227217399766144,0.7263344681248656,0.7281907813534497,0.7184935576643847,0.7561753054543439,0.7562843491467233,0.7637779267316672,0.7656035022218267,0.7651795604256861,0.7640548352611488,0.8105375655981164,0.8105617868375473,0.8164359711001208,0.8188276493141542,0.8200867712794985,0.8178660886046025,0.8213769981012048,0.8213803764281692,0.8299884299007416,0.833063599278639,0.8358512915208477,0.8354464475197015,0.6949260873907364,0.6958224407154715,0.703980147281396,0.712787938943243,0.7211355627978691,0.7190484089706194,0.6651217628555757,0.6655028815952052,0.6787122084277819,0.6790394807531719,0.6820330042340885,0.675671620634961,0.6184931522776742,0.6219805461895554,0.6367106897282633,0.6437193735290996,0.6469214602568594,0.6431615842767098,0.7928478882567898,0.7936875210263388,0.7990916138057758,0.8023607470441261,0.8009002600586144,0.8003532629584692,0.7465224026590769,0.7465407211164087,0.7535862313111227,0.7598246455840436,0.7696736836263538,0.769859288804293,0.7584429073968885,0.7586036747987949,0.7754088184332397,0.7810361293704896,0.798016533791935,0.7968221383249454,0.6543699955349656,0.6549334958906115,0.6655545487096127,0.6684989117634347,0.6669944178649517,0.6623867782742937,0.7200810835408431,0.7235860129523906,0.7284678532783535,0.7310031906535064,0.7313846684540908,0.7276648092397455,0.7683196692825695,0.7684230556463804,0.7737469176101868,0.7766614804565932,0.7805396840963117,0.7768914157876028
14,0.9265680906307542,0.9266031969504331,0.9317875192252032,0.9340188631588134,0.936661977315822,0.9356996385318436,0.8927816875765238,0.8928455347366195,0.8998470645469295,0.903487257917961,0.9063014454054699,0.9057475152392653,0.8360545819936388,0.8361716595199618,0.85485293806143,0.8551646281866709,0.8582594610781942,0.8551594213634319,0.8443477465793034,0.8444691228399498,0.8589869564632409,0.8605185335891867,0.8644231402706204,0.8623328253616348,0.8993186491271931,0.8993739814407866,0.9031202756601733,0.9054334450598825,0.9059566377310101,0.9047170409644895,0.9266693008715191,0.9267202470798056,0.9323483172344581,0.9367708479076186,0.9413053699439133,0.9403219173574955,0.9232132503783762,0.9232142055592075,0.9339465155618369,0.9357638024901308,0.9422498846351209,0.941712266278366,0.8628420543652313,0.862844772418766,0.8718484258501784,0.8733705626511051,0.8734861931274055,0.8736106813967746,0.8565369052924152,0.8565975438593258,0.8609870634449772,0.8649810086916765,0.8664998021210258,0.865579400467573,0.9018066441092344,0.9018331979472642,0.9062454304602663,0.9084123872377063,0.9097849440143585,0.9089966415206767,0.8887372283949221,0.8888482442889316,0.8956403240838502,0.8971946898575133,0.9003963008900341,0.8990471003264116,0.8195978403809978,0.8196110435156306,0.8298173101597803,0.831645446825107,0.8378224124312169,0.8355380013806647,0.769998786164465,0.7700935139719209,0.7871361044095321,0.7919751531983177,0.7940319517071258,0.7880195852138284,0.7541901161722684,0.7543811948647338,0.7687023875151864,0.7765869207767011,0.7776519638951311,0.7741991465143827,0.8550230624268096,0.8553461891800742,0.8581714535105697,0.8618330026357806,0.8581487576688258,0.8618906553495245,0.8635525337289716,0.8635667311069657,0.8701616323858434,0.8769131389767736,0.8813013918308201,0.8805021402293333,0.8665599101353614,0.8665767825955091,0.8781827800390285,0.8852977328932263,0.8949977327922722,0.8945276466210659,0.7815821357161973,0.781830961318336,0.7912348479739525,0.7932352460324468,0.7931295797848417,0.7878295079260254,0.796817199728004,0.7969648664724261,0.8040508662918863,0.8054513460160353,0.8065553713832779,0.8053721572217435,0.8531976822024133,0.8532142900753323,0.8574267189562997,0.8613291518902569,0.8634608483274525,0.8615203848152042,0.855253079487851,0.8552991338409935,0.8614976615597381,0.8649312685021313,0.8678668295692781,0.8679694861089027,0.7561879490568363,0.7562408542909077,0.7670451598414876,0.7696784323970342,0.7790024184745232,0.7765404083921543,0.71586782280604,0.7159008221722958,0.7322383063487026,0.7360832253213652,0.7374832324155525,0.7312615923061444,0.6819172447304886,0.6821940686837608,0.6992603996414712,0.7050301456685362,0.7079669232118482,0.7044142368474238,0.822930796336248,0.8229546569590188,0.8290512649044239,0.8320831830980242,0.8299919543433871,0.8269415611483233,0.8048242106582014,0.8048258032514874,0.8137560787379754,0.8178399153537095,0.8242503839472373,0.824354785339777,0.8124451793155375,0.812451699113113,0.8256289407130787,0.833271544747616,0.8473189508891805,0.8463260770504143,0.7148782162202416,0.715071370707496,0.7254338153077835,0.7249485135522935,0.726459123539256,0.7201449787737784,0.756175306272419,0.7562286069911299,0.7644308988066293,0.7653427633102483,0.7663665516201701,0.7626752678249458,0.8105375656219981,0.8106293763072314,0.8160596862286068,0.8189131369419944,0.8206891990436203,0.8190170142555551,0.8213769980150528,0.8215167713368507,0.829943886500749,0.8327045036109785,0.8359907035781536,0.8357600556604912,0.6949260873907432,0.6950550056805938,0.7065883701385326,0.7128095641469361,0.717921002359984,0.7196385979864133,0.6651217631358262,0.6652104560949782,0.678573662694874,0.6815093670702166,0.6799859409550384,0.6772770525807288,0.6184931522804776,0.6199755098668012,0.6362310306203431,0.6445336329040233,0.6462313777056206,0.6417620712746657,0.7928478883279059,0.7942419969108281,0.8002926810187438,0.801847789265155,0.8019286582527556,0.7983572028922744,0.7465224027368704,0.7465312710394894,0.753358344397484,0.7617573754337535,0.7706693003989779,0.7689688343235164,0.7584429073989194,0.7588275259346063,0.768673338156179,0.7792046741036738,0.7983207962712473,0.796653343123447,0.6543699955679492,0.6546613641969552,0.6654393128813435,0.6684062942930454,0.6675506501000983,0.6628976243757407,0.7200806320354043,0.7206614060079397,0.7303183175545703,0.7305385235928239,0.7314272734593594,0.7285656882156453,0.7683196659779665,0.7683943713591992,0.7744053698018444,0.777453872822788,0.7807622046302555,0.7766746856739404
15,0.9265680906307574,0.926582682583795,0.9301557265127631,0.9338679512659327,0.9362139292681214,0.935892778166227,0.8927816875760607,0.8927934053940676,0.900940852755168,0.9025718183955902,0.906756193468811,0.905422953350912,0.8360545819883017,0.8362043837979156,0.8542866938274003,0.8564441948383295,0.858232828591269,0.8550380753860021,0.844347747699562,0.8444088404895498,0.857727848043601,0.8642990926857969,0.8639284535469103,0.8624676104766392,0.8993186491270851,0.89951020445453,0.9036766286292635,0.9051285548893234,0.9058643332414226,0.9051036797904037,0.9266693008759311,0.9266707289486305,0.9314084507374837,0.9362516090031736,0.9403096669796804,0.9411091218000651,0.9232132497266722,0.9232280662411299,0.9351791253912385,0.9366769014314689,0.9428793081233068,0.9418792603387661,0.8628420542302905,0.862903828238013,0.8694522131004809,0.873682776282634,0.8742912509753576,0.8719901352957955,0.8565369052923081,0.8566123586966861,0.8644215502741032,0.8644220652382435,0.8665581103116227,0.8653052151987518,0.9018066441091948,0.9018120803235716,0.9058158909183531,0.9086666946901549,0.9100432648148271,0.9087021905585057,0.8887372284256474,0.8887440649172471,0.8953554460714181,0.8976927824800947,0.9002050644698667,0.8992039839049597,0.8195978400440858,0.8196133047482078,0.8274502064105982,0.8336468392317429,0.8385424541568797,0.8359999892041159,0.7699987851584696,0.7701915551460858,0.7902004042178601,0.792521357741932,0.7934808215564016,0.7893202879817057,0.7541901121573165,0.7547161970351492,0.7717043025061292,0.7747282570878405,0.7769499660623053,0.7749472754260223,0.8550230624312568,0.8550651935031848,0.8589432277099216,0.8629262992352577,0.8612132477733645,0.8592514779551653,0.8635525337287726,0.8635932785358313,0.8719395985489997,0.875933083696071,0.8816140051818512,0.8815589357847993,0.8665599101353985,0.8668175456044009,0.8806453336329663,0.8814368029073814,0.8952440023651242,0.8939192058458342,0.7815821357148738,0.782111149097384,0.7874023840145465,0.7935300538038974,0.7945936163181606,0.788296919436909,0.7968171993114748,0.7969560628919607,0.8042022792208122,0.805732710358019,0.8061569746516715,0.8049766985993718,0.85319768219191,0.8532056600634987,0.8594256999857502,0.8599909851743819,0.8633232918025547,0.8611199508237932,0.855253079487851,0.8552810815071158,0.8616552576480756,0.865561301363389,0.8680934788808494,0.8675992581950116,0.7561879523755751,0.7564684236936565,0.7653543713592255,0.771350783599046,0.7774097685316596,0.7767011071573201,0.7158678216086317,0.717275332879405,0.7336082865683273,0.7369219739475003,0.737936688074496,0.7267673079438117,0.6819172463259511,0.6831898347344421,0.7008121410404197,0.7069611829184019,0.7090201423269675,0.7033665961875557,0.8229307963475493,0.8231669235716962,0.82889188979666,0.8312450596718999,0.8297745251162065,0.8284463896377915,0.804824210648049,0.8048435580033692,0.8101478999299895,0.8177489049411855,0.8246032046397178,0.8235690436873617,0.8124451793233041,0.8124930367615096,0.8253087081461563,0.8320277655429416,0.8457147095354605,0.8465918743238702,0.714878216446373,0.7150584172777531,0.7261819054282135,0.7263220710027246,0.7236391196239815,0.7229327312771762,0.7561753054543441,0.7567079219834181,0.7640715101426093,0.7655132693921651,0.7654958994510425,0.7619448106363722,0.8105375729883454,0.8105664096858043,0.814547069153648,0.8183895835648134,0.8205233278834364,0.8181419365656322,0.8213769980128799,0.8216486574814379,0.8298242370387819,0.8329192797909095,0.8353498502333971,0.8351839192889775,0.6949260873907374,0.6957597226866146,0.7062966740784689,0.7105447504299787,0.7214344435119067,0.7194613532310274,0.66512176288186,0.6651625583338893,0.6769718451670992,0.6841695594036195,0.6825582141950777,0.6737620086349196,0.6184931523054833,0.6220105156577985,0.6376449181958788,0.6412717028643851,0.6450852768052139,0.6402460676918453,0.7928478882558405,0.7933308954904579,0.7997913716841097,0.8018302112950089,0.8005955683956189,0.8004345826160155,0.746522402659096,0.746559463979432,0.7517644316728792,0.7608107399398027,0.7693160126350062,0.7694592864587366,0.7584429073986565,0.758692407654534,0.769440275981934,0.7790719960058857,0.7985956145150548,0.7946007510736021,0.6543699955351974,0.6547028288739574,0.6644600993975096,0.6671954809097123,0.666862552034958,0.6578059372310465,0.7200806320724552,0.7206492951106795,0.7290891654117795,0.7305669338694775,0.7305487955131112,0.7272100631541877,0.768319665977958,0.7684141519509775,0.7743157950242913,0.7775952742214071,0.7812867631193565,0.7779869228597089
16,0.926568090631114,0.9265702892296448,0.9321504050604703,0.9336148010860976,0.9366585724180284,0.9358438160847709,0.8927816875770791,0.8933636988159478,0.8992531178168065,0.9033285605244835,0.9061262337667971,0.9053961596910836,0.836054581991472,0.8360650105816819,0.8489401652223675,0.8555545055093345,0.8563408625829318,0.855228776550359,0.8443477465781184,0.8445079219821959,0.8562456823648456,0.8628949831639614,0.8654414137663214,0.8620486842753734,0.8993186491270375,0.8993214511831482,0.9036035820590087,0.9045211136059119,0.9061698209227885,0.9050425338146846,0.9266693008714868,0.9266775704710942,0.9328349593064058,0.9379333206451873,0.941042339412367,0.940883799670168,0.9232132497170933,0.9232275665941577,0.9320636600316646,0.9377254953370072,0.9432155770281678,0.9427046735553183,0.8628420543516463,0.8635407207902472,0.8716984083267781,0.8745804527100707,0.8751994649919203,0.8721278471004944,0.8565369053032441,0.8566082751929072,0.862363835606476,0.8647819158431601,0.866393776395438,0.8653198261693811,0.9018066441164502,0.901806577267688,0.90608838709291,0.9079226090191751,0.909792991159166,0.9093148320856563,0.8887372283574694,0.8887578985206941,0.8923267371022323,0.8973980751677176,0.9004659194556268,0.8991011055274376,0.8195978400146771,0.8196007740444169,0.8265130518844868,0.8332849728166203,0.8382676292569019,0.8366962693829274,0.7699987851559098,0.7701259460255644,0.7893762683408972,0.7930348787706559,0.7931521932572674,0.7883131664990364,0.7541901142968592,0.7542075740339734,0.7657845842697903,0.7774141706761531,0.777077145259121,0.774562010539145,0.8550230624522922,0.8552990448992142,0.8595352989456309,0.8624709425679336,0.8624939143051569,0.8618511878541704,0.863552533728827,0.8635728442837577,0.8689191020457503,0.8778102117626472,0.881578389482192,0.8801850489554496,0.8665599101353614,0.8665665104070873,0.8789325656945949,0.884743968473511,0.8945766554810145,0.8939722725294607,0.7815821357296944,0.7816935218891967,0.7903148270326872,0.7936942498041275,0.7918887308444197,0.7902540780091913,0.7968171999271212,0.7969305580964507,0.8036623005323746,0.8061063999259614,0.8059555734852872,0.8050477746596166,0.8531976821933748,0.8532470173805824,0.8584003235087373,0.8611885810866218,0.8627870728823462,0.8614028664459281,0.8552530794879327,0.8554097493464498,0.8615197382493591,0.8651334749293966,0.8676915580120752,0.8675660033137963,0.7561879490736529,0.7563100164918106,0.767400449526195,0.7701223252964069,0.7779716633348456,0.7767568504663255,0.715867821195503,0.7164313738984773,0.7318807560770262,0.7381079162189474,0.7390997409979724,0.7266855336904702,0.6819172447304276,0.6860942824336516,0.69385596912376,0.7057172719127005,0.7067139642600828,0.7039425733175367,0.8229307963363721,0.8234753914905693,0.8288179266853911,0.8299184169575332,0.8270793267719099,0.8276467835368007,0.8048242106487887,0.8048274271020571,0.8136087877333082,0.819584738654004,0.8252518377914817,0.823476692688816,0.812445179315714,0.8125932933837863,0.8253009246193906,0.832371501956657,0.8472162085071232,0.8462805090237513,0.7148782162203426,0.7152164572384654,0.7261454837161122,0.7269161280355098,0.7276069137471081,0.7209720226698874,0.7561753054544946,0.7583600617706416,0.7632926300405316,0.7656861640928889,0.7654802146653084,0.7635288815523844,0.8105375656003563,0.8105392808151531,0.8152734301086069,0.8198142229384463,0.820415097701406,0.8181068170300094,0.8213769980134817,0.8227001290180227,0.8296139843847851,0.8326544185798349,0.8366111257655353,0.8358054077906828,0.694926087390738,0.6951986304866622,0.7053749383840016,0.7094973095238004,0.7202414399160169,0.7188477734649943,0.6651217628547472,0.6651726610974987,0.6768211074894646,0.6821554508118762,0.6813034104059391,0.676172046397501,0.6184931524031292,0.6205502726230837,0.636946277460679,0.645026238842935,0.64452377567704,0.6403829468245994,0.7928478965093059,0.7930091951172082,0.7998506393295841,0.8032848181539107,0.8023420355422672,0.7970316007516602,0.7465224027044708,0.7466517193417868,0.7537540759793019,0.759236626293067,0.7699630313143669,0.7697844230092938,0.7584429073971686,0.7585927243230692,0.7680107302081417,0.786833615294103,0.7997919439290535,0.7956191808359667,0.6543699956708485,0.6545101440680405,0.6668792002284623,0.6676626292798307,0.6688935346846023,0.6612943176744528,0.7200806328803917,0.7207656205117494,0.7285989869260703,0.7308098423022427,0.7314606201511432,0.7276361085854672,0.7683196659876542,0.7683404743654858,0.7717920414011127,0.7776745651798245,0.7797924967277885,0.777926824107442
17,0.9265680906631278,0.9265705561154658,0.9311451493602511,0.9344309963404659,0.9366218826364204,0.9360753576782617,0.8927816875760868,0.8928198867616118,0.8969338924164609,0.903548919608282,0.9059145294291333,0.905620055174273,0.8360545819866443,0.8363020440017368,0.8504889568390158,0.8572233234864102,0.8564335675983856,0.8553300851054999,0.8443477465813461,0.8448068928493903,0.8571716008887185,0.8628379654491352,0.8642373967316143,0.861769251144283,0.8993186491284522,0.8993481514475687,0.902561326701358,0.9046181670258748,0.906606598783163,0.9035526352276563,0.9266693008715504,0.9266787973536664,0.9321301037164545,0.9367373555267118,0.9410425003075555,0.9409511433698798,0.9232132499118431,0.923229860047434,0.928228806088783,0.9362459589902928,0.9427929197154691,0.941913140821362,0.8628420543539683,0.8628539824600988,0.8745749694873908,0.8733708229239802,0.8755480800626129,0.8739634980449227,0.8565369052923087,0.8565415316891499,0.8617498828081155,0.8656654969346469,0.8668668135300438,0.8654469789931407,0.9018066441091956,0.9018095941104017,0.9066704052096781,0.9071830042367474,0.9099614448859497,0.909144209589461,0.8887372283579169,0.8887525681099755,0.8955961171105531,0.8963373157783636,0.900132854094545,0.8993768440344095,0.8195978400191316,0.8196117583551147,0.829297899584115,0.8324155054144831,0.8377102126125571,0.8355538712725052,0.7699987851559572,0.7700736953084043,0.7877542460354495,0.7921155552409568,0.7908723416994647,0.7910401109542767,0.7541901122563119,0.7553446453367731,0.7687004658418498,0.775581204889253,0.7777338327369668,0.7749233007418515,0.8550230624268147,0.855032901300529,0.8596287441881769,0.8626167338852461,0.8603908276488308,0.8601457146962734,0.8635525337367076,0.8635693508831888,0.8685407491017052,0.8763999766785859,0.8810624531812448,0.8813967001835716,0.866559910135376,0.8666259759039332,0.8789320583459501,0.8840679896879076,0.895671689997447,0.8936527467530799,0.7815821357144307,0.7817524291368764,0.7917639562369853,0.7906549185294528,0.7954541565686837,0.7895424581579267,0.7968171993145581,0.7969462616896483,0.8047081193278912,0.8062408177127294,0.8072458866283223,0.8041273312834365,0.8531976821919102,0.8531961479269662,0.8568541073046401,0.85987960892252,0.8628863013844077,0.8607830787449913,0.8552530794915104,0.8554578304174194,0.8614571669809099,0.8640329279758077,0.8683575183005505,0.8673743194696364,0.7561879490560917,0.7561995290639503,0.7642353554071384,0.7710761462635282,0.7781863180722774,0.7765312302943956,0.7158678208900031,0.7171383183502009,0.7324321267916578,0.7379554735229058,0.7338419707838597,0.7321524162130065,0.6819172447342489,0.6830670067258896,0.7010172704128514,0.7061432378420829,0.7079138683438929,0.7051821831456497,0.8229307964204577,0.8235103889587044,0.8269703371548834,0.8307737552735744,0.831051398160991,0.8284403841893926,0.8048242106486277,0.8049394872146154,0.8127130536820014,0.8162622945287543,0.8245331824209867,0.8237091212247545,0.8124451793147153,0.8146720902448656,0.8241025149075094,0.8340940625941905,0.8465836671474682,0.8455656967733638,0.7148782163600524,0.7152146788407531,0.7251922024133359,0.7255166814758296,0.7267882256274876,0.7212842313828768,0.7561753056058043,0.7573128792898296,0.7642951807126104,0.765229866373017,0.7663476183008121,0.763115627177871,0.8105375655981997,0.8105648752544161,0.8174737878740975,0.8170491141108019,0.8199830695100045,0.8189466481944443,0.8213770827992429,0.821475901378943,0.8281251679395131,0.8328968705108271,0.8355066391228968,0.8360688831896628,0.6949261052868554,0.6961493405295371,0.7065359343002346,0.7117086566861847,0.7208614569573502,0.7184236235192505,0.6651217628550747,0.6652471737102015,0.6764312882346941,0.6821186412076281,0.6824377308300535,0.675410440969272,0.6184931526109209,0.6203539299322927,0.6367173312686452,0.6416275557517761,0.6448934968819706,0.6425892331791031,0.7928478891653576,0.7930507061659149,0.8010032639790705,0.8018870050436839,0.80113948195416,0.7974903291799035,0.7465224026590729,0.7465554530839564,0.7535933282451738,0.7620266058416443,0.7704115219916219,0.7701107177736499,0.7584429073968809,0.758720119200341,0.7664811829195084,0.779804340434547,0.7988527442328691,0.7988111781910571,0.6543699955350286,0.6549603296839337,0.6635229638155952,0.6673662018699704,0.6707094063599535,0.6625764537673141,0.7200806320354342,0.7206917732475795,0.7293518660724965,0.7316453981374402,0.7310019949946155,0.7285242459603887,0.7683196659779766,0.7684129623395096,0.7737816904430228,0.7762518587027236,0.7798228399845065,0.7778207222331468
18,0.9265680906307577,0.9265876466969337,0.931948847141692,0.9339343978806418,0.9357969412991324,0.9355060747955696,0.8927816876485795,0.8927936169054058,0.8974048181064243,0.9018998573543688,0.9060867911706667,0.905840984581634,0.8360545820479404,0.8361239013639845,0.8551984178468132,0.8575490373533429,0.858638660461637,0.85559466504039,0.8443477467099858,0.8444411186999387,0.8595874359897736,0.8636504544523724,0.8645803557963168,0.8627323922214263,0.8993186491270413,0.8993267336325139,0.9041145634207137,0.9052998454212785,0.9053221239975588,0.9042050693107531,0.9266693008716318,0.926678190406167,0.9327041580664706,0.9369297396758037,0.9411774497879097,0.9408626492797928,0.92321324971618,0.9232542682567759,0.9357561110288003,0.9371018526638782,0.943164355996716,0.941496014248635,0.8628420543516663,0.8628735928228828,0.8698489624534476,0.8751055433267508,0.8749946922577956,0.8720813707243278,0.8565369052923639,0.8565965652198508,0.8614504980106658,0.8650116132243959,0.8664180410239926,0.8645878132888016,0.901806644132658,0.901817914494399,0.9059794991450987,0.9082594136349835,0.9100719520413848,0.9091537967513599,0.8887372283584906,0.8888016173948698,0.8958763387354037,0.8969579399946214,0.9008716326498425,0.8994290058904822,0.8195978400146778,0.8198032053007283,0.8271272723979368,0.8327160394372733,0.8382635005534537,0.836585256936422,0.7699987851559205,0.7703109912663877,0.7841671551418726,0.7931354379366932,0.7951243572654618,0.7869219538484497,0.7541901123254868,0.7546099110793407,0.7681680808546221,0.7753482609032653,0.7777325734521435,0.77420034467752,0.855023062431276,0.8550528928092125,0.859771580213172,0.8631872002011343,0.8617458163810188,0.8594749672732692,0.8635525337326763,0.8635605826641473,0.8712167055389417,0.8757778617858192,0.8817099987198793,0.8809322884780794,0.866559910138515,0.8666364376180185,0.8811181104523174,0.8823915797572217,0.8943858155199025,0.8935483420936516,0.7815821357145352,0.7816366405187706,0.7928109731474314,0.7905051798595558,0.7929463075338714,0.7898449568967112,0.7968171993114164,0.7972398647519613,0.803886098363013,0.8052982086430185,0.8063217595970491,0.8053108829610209,0.8531976821919222,0.8532231363028959,0.8582662343373488,0.8610275053032406,0.8629755214208245,0.8601913956747094,0.8552530794879044,0.8553065502730015,0.8630491080578134,0.8653423655470661,0.8682781194205647,0.8673225756355827,0.7561879490568432,0.7562007801064873,0.764924327285591,0.769825607785384,0.7773582352047029,0.7768580492412258,0.7158678208894872,0.7160636137965577,0.7304203618276874,0.735697148479642,0.7356515246180855,0.7327180757140082,0.6819172447304208,0.6821341824426206,0.6996308422039219,0.7053067290927053,0.7082038796296056,0.7027843675403525,0.8229307963439398,0.8229727767808044,0.8299104709937261,0.831684274639176,0.8311634877286609,0.8292356504416079,0.8048242106486299,0.8048321388757896,0.8112813519020916,0.8168292089578147,0.8261871901120014,0.8224362944184116,0.8124451796082078,0.8124806817881384,0.8262605839215008,0.8353994870382431,0.8470437818602159,0.8448230114879544,0.714878216896826,0.7151089367769239,0.7252841375793767,0.7264282497790707,0.724514549414014,0.7209810427569564,0.7561753058722781,0.756406379634446,0.7636355069147791,0.7652372795596876,0.7657740220863178,0.7633264602571616,0.810537565598116,0.810554614656279,0.8156796730374823,0.8188049394028135,0.8215496262947155,0.8185450839980954,0.8213769980130712,0.8214988154663229,0.8287034134885127,0.8318609497670786,0.8362257922722898,0.8349719351827862,0.6949260873907386,0.6950135781632011,0.7066068372739375,0.7115003829321389,0.7211972181392748,0.7187444999000087,0.6651217628542443,0.6651432594174339,0.6801293146081663,0.6815345800542221,0.683792167175682,0.676450098693459,0.6184931522791115,0.618753656288525,0.6377034783096452,0.6459054406194371,0.6459626158742198,0.6436692345126984,0.7928479010698247,0.7933234947752514,0.7998797215558797,0.8021546502084002,0.7993556337246166,0.7974977279058654,0.7465224026627608,0.7466423628851613,0.7527826498233195,0.761792452719629,0.7703999679739794,0.7692992550436559,0.7584429075795235,0.758582986977818,0.7720319939771444,0.7827573194650078,0.8001529082868511,0.7971520364776322,0.6543700068185174,0.6559310956470582,0.6644376251491945,0.6676773252535243,0.6677424133338246,0.6623921160985402,0.7200813190060305,0.7200985390357324,0.7286447228516211,0.7305428729621948,0.7317564343636662,0.7276320055918752,0.7683196659779581,0.7683203322011198,0.7715666212499201,0.7764341569379807,0.7806056722797285,0.7782122927340384
19,0.9265680906307576,0.92658091528165,0.9312784812829838,0.9338187475662738,0.9363330828215429,0.9356038390066769,0.8927816875760048,0.8927923256941841,0.8980614088080798,0.903397219879122,0.9061959527857857,0.9046473674019507,0.8360545819883015,0.8364008489380824,0.852344618744532,0.8550469236061528,0.8573765551826387,0.853264455258941,0.8443477465878645,0.844793677984807,0.8561994098158586,0.8631312791426682,0.8646511150253328,0.8625064298483911,0.8993186491270818,0.8994555379701143,0.9021027942643264,0.90420221312518,0.9052664386574004,0.9041531411066586,0.9266693008714977,0.9266843758512786,0.932640490403922,0.9377859526445673,0.9409423042478051,0.9405812848504322,0.9232132497909309,0.9232471955377564,0.9303547826081925,0.9383183750325289,0.9420987884195005,0.9419343960792702,0.8628420545128803,0.8629174413584669,0.8706532965430251,0.8738875903401515,0.8757836300290083,0.8729981091536915,0.8565369052923082,0.8566067985824072,0.8633375865764154,0.8650752885534714,0.8667968438497093,0.8655051439467344,0.9018066441096838,0.901823205552214,0.9073457625337612,0.9072725069481227,0.9094173287119565,0.9083075906228506,0.8887372283633658,0.8887415725762289,0.8947696148117695,0.8980143762704728,0.9002849153698859,0.8991724611130526,0.8195978400188504,0.8196366849397244,0.8248957547960848,0.8308431216608507,0.838071323216464,0.8364615533809322,0.7699987936821681,0.7701095911585161,0.786986897729514,0.7928517443324107,0.79197461909195,0.7861159496883183,0.7541901121857802,0.7552713995943647,0.7694044994020574,0.7772453079504154,0.7769853557669135,0.7740733486524485,0.8550230624284404,0.855051064211817,0.8591970615819815,0.8611133902330663,0.8618518071032764,0.8599694660771247,0.8635525337312748,0.8636075059012709,0.8683534121599971,0.8755485283699654,0.8812416815892363,0.8812012493413188,0.8665599101427713,0.8666149229710632,0.8739054339730681,0.8856534732074466,0.8959799459059279,0.8943976763906877,0.7815821417857742,0.781686067644138,0.7916138870464313,0.7926702639022795,0.7931701819965253,0.7899667901321155,0.796817199311421,0.7970086086658831,0.8036218475574116,0.805876485154075,0.8068121249707821,0.8047613753688126,0.8531976821919146,0.8532029199693135,0.8573089811210984,0.8598063084669888,0.8626285268872438,0.8618298488986371,0.85525307948805,0.8552699707106954,0.8625271009116104,0.8646813889880969,0.8686334760431423,0.8672579541500091,0.7561879490627864,0.7563982737291278,0.7658612180050012,0.7698977599493475,0.7771282018071903,0.7770142141495446,0.7158678215301635,0.7158826771133697,0.7352232219908303,0.7364195628384824,0.7390470799891021,0.7313633210006748,0.6819172447304203,0.6827775218118414,0.699770858946756,0.7044376034215882,0.7068665038423219,0.7038025544162192,0.8229307963362479,0.823125606319814,0.8284986419554952,0.8293979410566107,0.8305049360574207,0.8249857392639138,0.8048242106495515,0.8048319726333575,0.8118629839279826,0.8160193057095925,0.8239442541149944,0.8246026539768031,0.812445179352342,0.8126293263743147,0.823727694245233,0.832904336654434,0.8473940240166414,0.8467547036987316,0.7148782164397515,0.7165944152802323,0.7245572509439545,0.7269283917614984,0.7287214507144111,0.7203799414619376,0.7561753054543439,0.7584829655874512,0.7638136328261274,0.7653811041401603,0.7661244056858459,0.7620072553310607,0.8105375663853575,0.8107191984800999,0.8146788382583033,0.8192974906916348,0.8206710385289523,0.8188701938964744,0.82137699801288,0.8215284249917754,0.8303932986270528,0.8313475536018109,0.8361216489493786,0.8353768210820912,0.6949260873918701,0.6951939828594373,0.7052685631143822,0.7114547315163327,0.7209191815333813,0.7184626278360771,0.6651217628542004,0.6651914014326784,0.6768959022407972,0.6831547849790318,0.6817280644297377,0.6728881203281039,0.61849315228041,0.6191428492201348,0.6372606243604868,0.6443954153047684,0.6451464841720602,0.6403775345818765,0.7928478885067449,0.7931097242661,0.7982175488562099,0.8018874102204139,0.7980964226513725,0.7979791363686068,0.7465224026590729,0.7465929093484335,0.7538839832517836,0.7626524569169519,0.7695493134743251,0.7700363422160783,0.7584429074301154,0.7589470240126601,0.7681253241886172,0.7825048343722143,0.7965623870005726,0.796311520137397,0.6543699955500295,0.654530146827343,0.6664760502836728,0.6682782926389503,0.6666774328197487,0.6649851004981469,0.7200806320906812,0.7201832972314497,0.7299672807493789,0.7301033301980373,0.7321259032887116,0.7298556808155671,0.768319665978136,0.768358010397001,0.775792357775535,0.7771490923027434,0.7803777244042549,0.7770907993068124
20,0.9265680906307708,0.9265943295390277,0.9319931436922633,0.9330110858993719,0.9363448217931847,0.9354934881724912,0.8927816875759932,0.8930212775807455,0.896879993201215,0.9030584287760358,0.9063116658320328,0.9055578923326194,0.8360545912873434,0.8371153980208851,0.853413590409994,0.854547074437753,0.8574881151839333,0.85576994010005,0.8443477465872126,0.8445558255140095,0.8605248222208688,0.8631431491540068,0.8641234284675431,0.8629195385588169,0.8993186491270372,0.8993203188769736,0.9028258554516775,0.9054035776698001,0.906549503657442,0.9043724426161415,0.9266693008714788,0.9267091809990846,0.9318624084363198,0.9359544271287579,0.9405293626377597,0.9402073297897018,0.923213253320317,0.9232182476418145,0.9316643525631336,0.936958351712161,0.9427011819484953,0.9415934741735261,0.8628420543985842,0.8629141959701717,0.8732290164888565,0.8751900434544866,0.8750267233774258,0.8732320124094034,0.8565369052923072,0.8567152161381023,0.8628228670835062,0.8644896036549122,0.8662806215537556,0.8652669801263706,0.9018066441092119,0.9018310753280786,0.9062688752889189,0.9076315513432549,0.9100338552757096,0.9089353385599586,0.8887372283588709,0.888741489760108,0.896259635075826,0.8970831857663365,0.9000924696381307,0.8988806453455723,0.8195978433922577,0.8196214633315742,0.8289207712312411,0.8328531085740187,0.8381237504785873,0.8353884063116386,0.7699987851674395,0.7702045326480597,0.7891327456147705,0.7911798908083082,0.7948881010201367,0.7875811422299379,0.7541901121599078,0.7548081255395998,0.7700431802208497,0.776473200346643,0.7774943033738458,0.7738027797779418,0.8550230624268509,0.8551235252184421,0.8598574625507325,0.8621377417428084,0.8621468265532963,0.8592326141766736,0.863552533767369,0.8635578654807858,0.8684670893446892,0.8766179772434813,0.8814449121893404,0.8813743092755071,0.8665599101728954,0.8665846077384525,0.8787296363354796,0.8851445809930075,0.8942773236869317,0.8938237235710444,0.7815821369014924,0.7816726839648451,0.789982020367149,0.7915684954035201,0.7939323694864644,0.7886504735028419,0.7968172003958278,0.7968515240838073,0.804589332877602,0.8060609816316859,0.8058354640507623,0.8046648921336774,0.8531976821920119,0.8532162687854128,0.8581872485034252,0.8609234206862199,0.8626777157017526,0.8603934656142296,0.8552530794878758,0.8558319473398435,0.8608165151226083,0.864594124393807,0.8680447566154904,0.8669818605581143,0.7561879491780532,0.7562642649135228,0.7647756493532266,0.7693764677587769,0.777945305906593,0.7758751141178545,0.715867820203348,0.7159928625021842,0.7301770429436177,0.7332135074809931,0.7383938173643054,0.7299482982181864,0.6819172451377049,0.6823411838120053,0.6941836188070634,0.7063197474344343,0.7072821577534931,0.7039061341059916,0.8229307965087296,0.8235182099303835,0.8289309110408827,0.8306091897102373,0.8298779844280593,0.8291828846016507,0.8048242106486372,0.8048253931582479,0.8101017485529982,0.8162224471918429,0.8248920056301653,0.825180745325329,0.8124451793161153,0.8124476719372262,0.8217960271532235,0.8326130093763436,0.8472303452724863,0.8452396695240304,0.7148782162373587,0.7148988280917716,0.7256653737460648,0.7229362932540506,0.7244981259745289,0.72124124075131,0.7561753097084882,0.7562197278681886,0.7636179388534612,0.7654712494804236,0.7661573961028969,0.7646514813414511,0.810537565599425,0.8105524470930559,0.8153208817748238,0.8178779341486855,0.8202629140256285,0.8191620618657364,0.8213769980395387,0.8218367987514519,0.8305442042176869,0.8323449246880422,0.8364672531751832,0.834877745183872,0.6949260890311468,0.6949422721405143,0.7056436530177572,0.7125002129754793,0.7210400291861443,0.7189722457571528,0.6651217631122466,0.665466553952552,0.6782167632585892,0.681378987167246,0.6819174584675136,0.677530131625284,0.6184931522790054,0.6190521496505648,0.638988203148916,0.6441966521698747,0.6474160305994944,0.6421785638011825,0.7928478883182559,0.7933851596351723,0.7997244587304733,0.8023465166925294,0.8006596205093476,0.7974914241113346,0.746522402659086,0.746557032984634,0.7519545770438324,0.759282266332355,0.7711000477676355,0.7706768473041705,0.7584429074183549,0.7585505948132387,0.7708739902230212,0.7813843939401461,0.7991080851038265,0.7957890913753689,0.6543699989630278,0.6553822350120317,0.6658653520634328,0.6669088584503061,0.6661360237373898,0.6603215407170034,0.7200806320363418,0.7250281290093985,0.7302494923863336,0.730470339404895,0.7308597747421988,0.7285184363228657,0.7683196659780804,0.768514807719398,0.7741518347835052,0.7768031130037759,0.7793356767282289,0.7771543689195991
21,0.92656809104472,0.9266003473440573,0.9306427649094762,0.9337553963307905,0.9369989572607291,0.9356774737541934,0.8927816875760225,0.8928159899357903,0.898831011282939,0.9030581052387741,0.9063622713787874,0.9053371286032235,0.8360545819883891,0.8362051939757371,0.8543931808500853,0.8539484345589727,0.8583438970967934,0.8546188460105313,0.8443477465992018,0.8444781166421091,0.8588862056639183,0.863229063775636,0.8645228031019209,0.8626361386543342,0.8993186491289085,0.8993346190773696,0.9038490814023599,0.9043883007765968,0.9059328714046505,0.9056199412841925,0.9266693008984046,0.9266896829413821,0.9316466167489392,0.937520438433607,0.9412045998517979,0.9406333760161028,0.9232132499263868,0.9232178315264593,0.9330326734087637,0.9373967401901989,0.9422365709392703,0.9421475566292362,0.8628420543516993,0.8628647723294869,0.8692191825320416,0.8732114361547123,0.8754688197964031,0.8726167617957581,0.8565369055397867,0.8565720204638461,0.8628151953851618,0.8654184874790315,0.8662056831201097,0.864787711243815,0.9018066441096385,0.9018216197767288,0.9066110059605216,0.9083830590684109,0.910373588777411,0.9090336178961311,0.888737228361787,0.8887455719836814,0.8938378534883021,0.896855935259796,0.9006728380461924,0.8999104170125765,0.8195978400146786,0.8196244582450869,0.8260555009813237,0.8318891635043446,0.8383234276658428,0.8375443376116285,0.7699987852803619,0.7700736161977932,0.7883017622380959,0.7910445228384215,0.7946156257215583,0.7901565433893275,0.7541901121575125,0.7551490706692451,0.7693516302514477,0.7775935462430202,0.7775883178708479,0.7746258687681048,0.8550230624278649,0.8550862765344895,0.8598914550541024,0.862968890686445,0.8621424551030474,0.8617945638385265,0.8635525337296253,0.8636847329092482,0.8720704524258901,0.8765287228264264,0.8818729432815771,0.8804611881890531,0.8665599227018221,0.866590009274445,0.8762277304180569,0.885075416716855,0.8950016543854393,0.8942075124174048,0.7815821363191024,0.7816498772346527,0.789453738247246,0.7928432145953443,0.7933243587732393,0.7919072144862385,0.7968171993127157,0.7969334086264901,0.8048524019445301,0.8052660694323451,0.8059767836397881,0.8041195268311235,0.8531976821918829,0.8533520598494615,0.8576853611320989,0.8612362564855889,0.8629216217053657,0.861635705705279,0.8552530794936818,0.8553251767705217,0.8605750174234351,0.8648568149663145,0.8681724998296259,0.8677145332897797,0.7561879490568346,0.7563766395518825,0.7669543756919514,0.7726623896663853,0.7766210887362289,0.7764208680710747,0.7158678208907953,0.7158981630746762,0.7328762061080698,0.7347339650345901,0.7390150314449686,0.7303677836505388,0.681917244737977,0.6821220403972467,0.7007263644252653,0.7042803383330253,0.7084961654257507,0.70239212560716,0.8229307963363186,0.8231453918405822,0.8291931373095396,0.8311343177248586,0.8304143292662659,0.8288549844301285,0.8048242106489861,0.8048433015586309,0.8135965085703273,0.8174573394906266,0.8246090119656423,0.8237103541099955,0.8124451793237559,0.8126016421894099,0.8243860330574425,0.8330462944287962,0.8479720508494832,0.845807688264155,0.714878216411996,0.715509646533858,0.7201051919699566,0.7268746222145498,0.7269171721980592,0.7227200673343859,0.7561753055968519,0.7563658929911978,0.7624508737691991,0.7661250084705814,0.7666664991717118,0.762980499066618,0.8105375655984218,0.8105455396857884,0.8155610433800524,0.8186398976808824,0.8212919522013449,0.8187788787596082,0.8213770005189236,0.8213975031366759,0.8274310911228896,0.832451043490755,0.8363181868726648,0.8354480665888113,0.6949260873984062,0.6950251129025734,0.7080317824614153,0.7088705097571165,0.7204993036668926,0.7193992160984731,0.6651217628543029,0.6651340174396061,0.6782463963038758,0.6818116218654007,0.6798849800265163,0.6738384702746685,0.6184931525240187,0.6195747837587973,0.6378091677097552,0.6440112846002093,0.6452752204405257,0.6409304912514284,0.7928478882562335,0.793092759028988,0.8000501990128398,0.8027290353163259,0.8024704964643725,0.7976082229872363,0.7465224026599502,0.7465696813751256,0.7552720846666203,0.7605767145960791,0.7715658036233008,0.7692991597617356,0.7584429073908856,0.7585195045732116,0.7734056386275828,0.7854624628913975,0.7980395813195891,0.7970713272401609,0.6543700349492669,0.6543922843037914,0.6613289254192267,0.6659362023883151,0.6668412366184542,0.6632720335562245,0.7200806320354262,0.720852915963532,0.729895407798433,0.7313374399734881,0.7316431364704515,0.7279903075071292,0.7683196661371919,0.768387054848842,0.77479706728018,0.7773823234900565,0.7796426942486613,0.7775739229734446
22,0.926568090916899,0.9265695088106762,0.9315422426196932,0.9336211752892611,0.9362675860842669,0.9364005642902703,0.8927816875759926,0.8927911924204874,0.8995671089471494,0.9028075533450096,0.906512090470086,0.9052270662644575,0.8360545819903705,0.8360718214419857,0.8531041242023306,0.8581703954164535,0.8573266378704439,0.8531516941219763,0.8443477466553853,0.8444894649811218,0.8565225601035831,0.861118981836401,0.8647645017662952,0.8629107659159015,0.8993186491270397,0.8993789306648097,0.9019295516757274,0.9037434275318867,0.9059677848960707,0.9052037172040767,0.9266693008715458,0.9266701418569079,0.9345786814123483,0.9357799655262119,0.9410847913878587,0.9405137407626417,0.9232132496952016,0.923247974275872,0.9292363959821845,0.9363640280666228,0.9428371133036103,0.9421607268975689,0.8628420543516463,0.8631016689987637,0.8711830358135877,0.8736437388092662,0.8758126757020575,0.8734140991336461,0.8565369052929956,0.8565678595586163,0.8635175034198672,0.8646808528911741,0.8667587983554045,0.8655339833631337,0.9018066441130257,0.9018528754269107,0.9060403702896104,0.9082225474293604,0.9096581115377289,0.9089409174456928,0.888737228357465,0.8888134379736704,0.8920393135050294,0.897396112111144,0.9006488651246296,0.8992194683747508,0.8195978400736096,0.8197131704251042,0.8253785236629425,0.8308158822873715,0.8381638718547193,0.8372429939765785,0.7699987851559529,0.7702733795416565,0.7891644340601273,0.7916529444672951,0.7930342869820468,0.788515551010202,0.754190113707871,0.7544256758572805,0.7716274538670851,0.7778692906586497,0.7762098309058953,0.7746557886923231,0.8550230624268016,0.8552670313293287,0.8588579254260077,0.861861093610816,0.8622990375490004,0.8578674574292436,0.8635525337297045,0.8635658971678596,0.870215620179954,0.8769217321230777,0.8815440957478573,0.8828266280244917,0.8665599101355215,0.8665685809075924,0.8797450352557648,0.8843188493412136,0.8949684484334324,0.8948529916685756,0.7815821357262777,0.7815760406500571,0.7867281762810491,0.7946349203018994,0.7928814444125297,0.7899690575419418,0.7968171995407598,0.7975647315531784,0.803551972957194,0.804940465111656,0.8068953963645511,0.8049060091350824,0.8531976821918974,0.8532267281098047,0.8565761724001113,0.8606919172207652,0.8625460691538088,0.8616342715435634,0.8552530794882532,0.8560109576103332,0.8607249925722147,0.8641531967291352,0.8682497868803263,0.8665623722609895,0.7561879490588926,0.7562076037503409,0.7647075709453266,0.7697370542448223,0.7787689298011572,0.7758507066657163,0.715867820889832,0.7159266278356363,0.7295608610121344,0.7353001185051529,0.7382575895738204,0.7317963093199737,0.6819172451962405,0.6827722402055771,0.6962093634748853,0.703850609664322,0.707852658396585,0.7032376135014387,0.8229307963390176,0.823313706618702,0.8285148163938195,0.8317915663784048,0.8305067581330028,0.828412089590674,0.8048242106486978,0.8048303642727089,0.8112033525924158,0.8152039418804322,0.8242670736093537,0.8239799176937233,0.8124451793186462,0.8125348769887814,0.8297764619600392,0.8308640656008005,0.8471719242405353,0.8462273007090683,0.7148782162203212,0.7148854207407038,0.725710761930356,0.7248741693214826,0.7261460817735927,0.7208208221922529,0.7561753107277661,0.7565247019760528,0.7643625301449165,0.7651883269272328,0.7648970532768807,0.7618980060018379,0.8105375655962496,0.8105609460134654,0.81571408046675,0.8178584181892458,0.8211358449622609,0.8186604809833703,0.8213769980140354,0.8219600673334482,0.8286081541548546,0.8324580725473831,0.8362710842663738,0.8356675365101865,0.694926087401489,0.6949675227912022,0.7057023511921557,0.7110462124480876,0.720654638007871,0.7195341747854961,0.6651217628669844,0.665233041491347,0.6807325981666353,0.6819472908599975,0.6820698887160077,0.6729441076901082,0.6184931533718063,0.6185647817685398,0.6367109849750505,0.645545244017361,0.6448182825951941,0.641502143668925,0.7928478882558401,0.7936642517190134,0.8006595885748813,0.8026640039016888,0.8010580067176793,0.8000431932715262,0.7465224026590729,0.7466582746387629,0.755205966889905,0.7616541794751885,0.7705995188380472,0.7689715339419089,0.7584429073977572,0.7585073809608244,0.771740706253252,0.78123952128812,0.8004874333092411,0.798433170049972,0.6543699958765957,0.6548519998145027,0.6666922283894021,0.6686205023349776,0.6668057610034434,0.663033113013678,0.7200806324262461,0.7206918596245528,0.7289826708361669,0.7308509704782553,0.7312927382726861,0.7301941874241078,0.7683196660083508,0.7683680230147634,0.7756971190869554,0.7775405864464021,0.7801667281105567,0.7775370415511493
23,0.9265680906307618,0.9265858265353545,0.9325466671664149,0.9342029882835253,0.9363979978570277,0.9360553707882818,0.892781687650551,0.8927885164473306,0.8992419396881423,0.9023066603827031,0.9058988383142933,0.9049297551282782,0.836054581989389,0.8361634677394052,0.8505963870434265,0.8563681189839714,0.856891972195715,0.8553149056022703,0.8443477466467177,0.844785416191316,0.8572400453521859,0.8635707933732063,0.8646223715464335,0.8630581148641697,0.8993186492157776,0.8993273981331653,0.902137056376984,0.9056767498431102,0.9067329076403822,0.9010139781204287,0.9266693008718098,0.9266943074913009,0.9323038712732914,0.9368208448833533,0.94062287965418,0.9413167087466572,0.9232132497161738,0.9232245058519002,0.9306967649316854,0.9385778920384424,0.9426439724091844,0.9421304244808649,0.8628420543515227,0.8629037972752361,0.8689202598815826,0.8733591208530653,0.8752361467474642,0.8732004301406275,0.8565369053047919,0.8566570635631191,0.8628491711172176,0.8651821532376804,0.8665177240664632,0.8658714914560273,0.9018066442110139,0.9018140303446786,0.9072260684533212,0.9084901671624287,0.9096871799600477,0.9088121608895628,0.8887372283575359,0.8887653389190907,0.8942172736938452,0.8975423292129205,0.9001254898546018,0.8998974836216413,0.8195978400149398,0.8201179723341712,0.8271358619214082,0.8322566132534186,0.8380330734312113,0.8377834135817859,0.7699987851818237,0.7733269688089183,0.7879358898923056,0.7909898014362462,0.7933336935107903,0.78843873022883,0.754190112201499,0.7545411508238399,0.769049663095807,0.7757605730951953,0.7775158380264899,0.7745891694549314,0.8550230624271788,0.8550984504700324,0.8585948850811482,0.8627970943690274,0.8632077181516538,0.8601063214832706,0.8635525337287993,0.8635597415386922,0.8729682166567675,0.8758283007981539,0.881045605903187,0.8813546342554066,0.8665599101353573,0.8668168281776841,0.8754909931772665,0.8866102793581752,0.8947904560940407,0.8943939556752567,0.7815821357145605,0.7818310728356752,0.7880278749801879,0.793520827659491,0.7930706277747679,0.7895490426606921,0.7968171993124287,0.7969248059997479,0.8034558229775355,0.8054798028553904,0.8056512360457867,0.8040861088211486,0.8531976821919183,0.8532142885416671,0.8589866876611104,0.860628639542974,0.8625462560276166,0.8605391287282914,0.8552530794878511,0.8552752746999158,0.8608745842736767,0.8643642892884666,0.8683950768082789,0.8670917623936925,0.7561879490674972,0.7564282188757654,0.7675129566304221,0.7706359961383643,0.7782391177796429,0.77685184303643,0.7158678215286156,0.7161538592218317,0.7329012525619658,0.736740721194195,0.7373167654309933,0.730504193171718,0.681917271140782,0.6827179460448146,0.6993658658750697,0.7058385639218415,0.7087534781711956,0.7046100532471682,0.822930796336249,0.8229375073091612,0.8281826794763976,0.8321988093162298,0.8281872952296965,0.8277286627231745,0.8048242108729411,0.8048539786995135,0.8135551293816339,0.8178521911828085,0.8248124577446904,0.8250931749192063,0.8124451793148899,0.8126482057620675,0.8219358256544713,0.8322841492476607,0.84556341031134,0.846220830451142,0.7148782227096764,0.7151515666999647,0.7236114014446015,0.7260556791010775,0.7252556760154636,0.7213959397340386,0.7561753054560039,0.7574651203829649,0.7636195224160784,0.7659220717038795,0.7652591158439741,0.7633285679215752,0.8105375655981285,0.810595731106904,0.8149687912085187,0.8175973209198848,0.8204757176120461,0.819281601645853,0.8213770116901278,0.8213887181756712,0.8286778997991066,0.8320821961223863,0.8367054886792746,0.8351053795708548,0.6949260874278868,0.6951859403413239,0.7065246991420941,0.7124371717612752,0.7208071461428218,0.7179990513310638,0.6651217628541914,0.6653549092790004,0.6792588030319138,0.6828918245987581,0.6811776511209039,0.6778687412910486,0.6184931522835477,0.6200752231790738,0.6349604635273607,0.6443391163504735,0.6457081225391637,0.6411581004291778,0.7928478884551768,0.7934990863687462,0.7999548758926371,0.803178211585384,0.8017115904126946,0.7982080214673226,0.746522402856078,0.7465267221470344,0.7559018529806424,0.7620690780156765,0.7700733069516721,0.7703598349442703,0.7584429073980505,0.7584454409444668,0.7748808532800343,0.7825374270382512,0.7972052254019903,0.7960301875804817,0.6543699955387492,0.6552340413331743,0.6672546149237568,0.6636099782801815,0.6690834595633159,0.6603270558296916,0.7200806333341043,0.722824910651459,0.7299530350097498,0.7309015021531093,0.7310283208628535,0.7285357761245004,0.7683196659783924,0.7684029032847929,0.7752793879734903,0.7775680310838792,0.7800617975410981,0.7767954706809931
24,0.9265680906420111,0.9265692049415877,0.9320140200991309,0.9338541479755594,0.9365844532694089,0.9357179768509813,0.8927816876093561,0.8927928764404829,0.9003399633952109,0.9034762894839764,0.9067890409913242,0.9053133705228429,0.8360545926267968,0.836522392430871,0.8559050095378324,0.8575713789475601,0.8570895604801863,0.8554885260153008,0.8443477771385771,0.8443710607782152,0.8538070428577207,0.8624820097141217,0.8651147256761711,0.862357721259172,0.8993186491279292,0.8993592869015963,0.902530256886883,0.9055982395002456,0.9061112662631012,0.9044173925626489,0.9266693008714797,0.9266945567105832,0.9326381404695984,0.9366072656061448,0.940934905604267,0.9403780506942387,0.9232132498234595,0.9232818536140404,0.9337132988516812,0.9369629676976798,0.9430726833104924,0.9423712314281849,0.8628420543488793,0.8629489684146723,0.8688360382992487,0.8739933346789662,0.8755490354644951,0.8719428342090003,0.856536905566302,0.8565440169575763,0.861220391542481,0.8651913020658276,0.8661860221800024,0.8651919395442133,0.9018066441091948,0.9018094410904094,0.9063151620350481,0.9089995740053888,0.9100071742115601,0.9092590152308087,0.8887372283594168,0.8887800584067782,0.8930759161078042,0.8973317131380802,0.900455979073979,0.8993883035744935,0.8195978404154538,0.8196135852191215,0.8263310063546652,0.8339357703089363,0.8381913354350985,0.8372204934415359,0.7699987851559543,0.7703142170933941,0.7887720104703733,0.7912350876388209,0.7972277575894525,0.7867751661727804,0.7541901121808574,0.7543962290525654,0.7715290202090892,0.7751760185458003,0.7784890477865494,0.7753771785473478,0.8550230632550933,0.8550262957277638,0.8608678858913971,0.8632219978766811,0.8614554434092969,0.8600496161548936,0.8635525337588286,0.8635567504365808,0.8701486417069715,0.8771702582859319,0.880780828089981,0.8812482395022894,0.8665599101356356,0.8667031201044565,0.8774236813217254,0.8847614943590837,0.8942157449451095,0.8941718290458207,0.7815821357113746,0.781565418560778,0.7860948866973337,0.7928706768098924,0.7928250513710755,0.7884694272155978,0.7968171993117177,0.7970140027221575,0.8021733576892456,0.806229571607882,0.8064873223607307,0.8038020342124912,0.8531976822070148,0.8532040944845196,0.8593323007813081,0.8605777325564051,0.8621575393897043,0.8603413894812966,0.8552530794878509,0.8552715668911843,0.8605919045519298,0.8637441399348454,0.8678714260147344,0.8660158508606196,0.7561879490600676,0.7563795003614587,0.7659254126562124,0.7704261331512097,0.7783304278124208,0.7768862829265702,0.7158678208907303,0.7161816601520833,0.7286605553269834,0.7360546101581401,0.735033197548225,0.7305092200912868,0.6819172501850957,0.6822258879082874,0.6946312485372187,0.703372718120012,0.7072703148788287,0.7041625171799658,0.8229307963362472,0.8231497812855431,0.8295629875628937,0.8296009056513753,0.8290888893823528,0.8295233950616956,0.8048242106492745,0.8048280214734728,0.8078224988751842,0.8163927819783738,0.823751160092642,0.8239760787274948,0.8124451793151115,0.8127499072360629,0.8252225061688977,0.8333519690489888,0.8465232212030632,0.8461261018857364,0.7148782162202088,0.7151363296372435,0.7260682267133902,0.7281791708764099,0.725115054139045,0.723638713966991,0.7561753054543356,0.756421937315225,0.7640491443600487,0.765762942715987,0.7648985525806464,0.7632469650789337,0.8105375655981097,0.8105582591634964,0.8157597021400005,0.8186182748168993,0.8214023927094388,0.8193451853390795,0.8213769980208196,0.8218147182809312,0.828833610619605,0.8324875709435566,0.8362088610712802,0.8346703340731896,0.6949260882299475,0.6953637942629001,0.7067222469112654,0.7132729948772049,0.720566932958215,0.7189595485969309,0.6651217628452574,0.6655064744633837,0.6791405492530522,0.6823767026818517,0.6834301931766767,0.6704812845232496,0.6184931524848389,0.6214356244415337,0.6396385372993584,0.6442230185542989,0.6479791708695672,0.6430223524768576,0.792847888255854,0.7929435053785252,0.8005180551646238,0.8031440041312845,0.8016058229579779,0.7985444092349421,0.7465224026594737,0.7465927345251964,0.7536138720308754,0.7605189759157444,0.7693463338571134,0.7721011392545905,0.7584429073968837,0.7585202154159376,0.7687006651288453,0.7823188308662818,0.7981597797398867,0.7984656021042382,0.6543699955758334,0.6562138517621529,0.6657842658074504,0.6648624764665578,0.6669087551352044,0.6596449135121502,0.7200806320354047,0.7202277379700659,0.7289101685562778,0.731004221984008,0.7319446376602394,0.7292024575486625,0.7683196659780093,0.7683426085994594,0.7737336082718276,0.7774369495180857,0.7796032257135227,0.7772875332265121
25,0.9265680906350977,0.9265702752635934,0.9328103652087643,0.9338605956600723,0.9364939288474522,0.9357928383357097,0.8927816875759962,0.8928137871698971,0.9005334911702979,0.9036127886290128,0.9059511765789519,0.9052859166843772,0.836054582568085,0.8374709110643414,0.8511951253206111,0.8574492856285609,0.8605546085624238,0.8547995295220829,0.8443477465784417,0.8443690753923478,0.8584616555865989,0.8617313626936157,0.864448843839391,0.8625473947711845,0.8993186491271026,0.8993342562648168,0.9025289477706953,0.9052772675285479,0.9063611724993564,0.9044767573888134,0.9266693008776739,0.926672500740793,0.9329869201783585,0.9370099584347632,0.9411781485938333,0.9399177936120342,0.9232132497161988,0.9232193132978852,0.9316352418301922,0.938710631583129,0.9425366168458815,0.9424942834230682,0.8628420543516437,0.8628698629044358,0.872996593778299,0.8729894657173142,0.874906717519129,0.872519949676416,0.85653690529231,0.8565824753136725,0.8620095276187101,0.8658259794175502,0.8668034439942065,0.8648183514283194,0.9018066441148143,0.9018199210321437,0.9056728367139841,0.9078199564172768,0.9100227313034177,0.9086352485723986,0.8887372283917665,0.8890507673189173,0.8936764431720952,0.8978162227700701,0.9004329497935059,0.899451492960665,0.8195978400146778,0.8196451489743816,0.8263913113862744,0.8322805882856243,0.83731546862424,0.8358466038419377,0.7699987851649549,0.770126325892914,0.7889090511584674,0.7933971782339938,0.7921853374080094,0.7895789210355634,0.7541901121572404,0.7549312695073255,0.7683904719227281,0.7763045136822623,0.7775854599279214,0.7740929340414798,0.8550230626170742,0.8550495425386704,0.859169283719794,0.8609176040586963,0.8603407803905675,0.8583121942996906,0.863552533881862,0.8635626151742816,0.8696872626947665,0.8765273205583544,0.8821870620944974,0.8816815477264549,0.8665599101351289,0.8665720456208639,0.8745621293953785,0.8848060049760018,0.8940481178479854,0.8943757010112479,0.7815821360065275,0.7821720119006405,0.7919355645875741,0.791819169680146,0.7935735336318119,0.7903748611333341,0.796817199311838,0.7969285625514507,0.804235449642519,0.80681923159783,0.8068858462983808,0.8039235482864914,0.8531976826210725,0.8531999823224685,0.8564577701748095,0.8609755366982823,0.8628195189326728,0.8608426456661034,0.8552530794981597,0.8552660692389478,0.8612196258982866,0.8653195143351812,0.8681808376381103,0.8669470215973516,0.7561879502685656,0.7564955720227772,0.7658866439880245,0.7697242663328916,0.777769273657544,0.7764663563759086,0.7158678209792202,0.7159157370541843,0.7297166770474612,0.7372098265308311,0.7400010728753823,0.7329842061692513,0.681917281614567,0.68370281168133,0.6975793662886601,0.706040140497721,0.7071811859336126,0.7033556498540754,0.8229307964531054,0.8230460321607928,0.8289711320950888,0.8313393653869389,0.8295714682036035,0.8290526338570416,0.8048242106486297,0.8048422462958665,0.8114119401664678,0.8174459648471938,0.8246219937987005,0.825766434430671,0.8124451793147134,0.812471290401145,0.8242927560271844,0.834859540499638,0.8471872011091742,0.8456545398145061,0.7148782162202119,0.7149846845890628,0.7216032804610608,0.7250832845664776,0.7247132743608248,0.7195494291898266,0.7561753054588702,0.7562561344816431,0.7628441144500008,0.7655575264038179,0.7662032766110367,0.7639042781483325,0.8105375655981161,0.8106044113885664,0.815444045425094,0.8186273182091224,0.8207652496464917,0.8188758729669233,0.8213769984152359,0.8216469127787442,0.8293272407073211,0.8333676639191647,0.8366674954576585,0.8357655351093909,0.6949260877095875,0.6951291892828393,0.7061675024075011,0.7136282584242812,0.7207894631397185,0.7191663645674449,0.6651217628541886,0.6652676804498303,0.6775822557527575,0.6803381794134882,0.683240687560305,0.6722416279732275,0.6184931522792443,0.6190593601320873,0.637922364912562,0.6432920083262952,0.6445861530008707,0.6402000311613412,0.7928478882802446,0.7929137701111039,0.8012139656991556,0.8030987280732271,0.8015092069813589,0.796743608423534,0.7465224031443178,0.7466479100800159,0.7541801997006273,0.7609666233179014,0.7721488245010559,0.7686031554614609,0.758442907406507,0.7592028078471466,0.7700153372467811,0.781345445193901,0.7981339087150846,0.7966756143758926,0.6543699955437275,0.6564251647134749,0.6649694875651728,0.6668043823652019,0.6633697537396339,0.6585049270499828,0.7200806320366233,0.7214146279780497,0.7296832644862477,0.7312633501919807,0.7314467700987395,0.7284114327232027,0.7683196659786979,0.7683604780354762,0.7731152397034723,0.7773108830313002,0.7791101781207785,0.777989530897548
26,0.9265680906403133,0.9266622438128032,0.9292911100612037,0.9334200744909378,0.9361845495726152,0.9358251372633576,0.8927816875812117,0.8928121419725806,0.8988660368248846,0.9029075008748911,0.9061844862022379,0.9051933068687756,0.8360545819901866,0.8373673034680453,0.8539663160336318,0.8563110364936668,0.8596407495365563,0.8555502716930368,0.8443477465781692,0.8445144475514502,0.8522238575772809,0.8616753247874802,0.8647043605638041,0.8630345400296505,0.8993186491305032,0.8993253806130364,0.9039496359609064,0.9051615857370156,0.9060190523016148,0.9053572133552068,0.9266693010291297,0.9266762080814248,0.9323088173241546,0.936526332361665,0.9406185744202493,0.9399626475755147,0.9232132520659054,0.923226264124483,0.9316211991704223,0.9376394116241549,0.9430858396232157,0.9409365506836223,0.8628420544104873,0.8628824296128592,0.872620629366589,0.8719682003921083,0.8755570802440218,0.8724231147418204,0.8565369053099281,0.8566011274557302,0.8630643786614267,0.8658735138819641,0.8664473646600761,0.865073848492935,0.9018066441091994,0.9018070778765385,0.9052286671683533,0.9080271153842856,0.9097052978200606,0.9090134466700307,0.8887372283582005,0.8888101537236766,0.8955880748774934,0.897743129869793,0.9008457123910539,0.8987204848617093,0.8195978400561996,0.8196045915133264,0.8271433186116608,0.8325607317012811,0.8383370460811436,0.8359032681899727,0.7699987864538179,0.7700951745514683,0.7882239652129198,0.7929897597549949,0.7946600916142198,0.7881157922420813,0.7541901121572709,0.7546655651400898,0.7685997475713737,0.7753420855339755,0.7766286895227948,0.7726096469553073,0.855023063993094,0.8552573044152252,0.8593202858587727,0.8623815571793191,0.8623064935387336,0.8615145212986584,0.8635525337288251,0.8635623152384431,0.8703305192556398,0.8761810070246485,0.881654288238967,0.8815824330914823,0.8665599101369885,0.8665671589976389,0.8797799332713677,0.8853688059762221,0.8948460630691063,0.8948168408816437,0.7815821357145603,0.7819546177702685,0.7896790295538101,0.793234064400273,0.7949621498914582,0.7895755165016702,0.796817199312418,0.7973259595138238,0.8027715242230351,0.8064774189055888,0.8072186355998632,0.8037335006356341,0.8531976821919103,0.8532044579666496,0.8586929658556908,0.8601005718492617,0.862330131837862,0.8612908906207779,0.8552530794878597,0.8553293118833328,0.8599831270072194,0.8647316982511069,0.8686479522263872,0.8678513480246841,0.7561879490568348,0.7562105520611054,0.7643733868769431,0.7708587607059547,0.7780096645816106,0.774759539008341,0.7158678208899092,0.71594804896987,0.729771406560824,0.7341942827685439,0.7355724444266658,0.7326492680022286,0.6819172447511386,0.685282748767764,0.6986415574082823,0.706720264856883,0.7081299232630432,0.704674080922641,0.8229307963365572,0.8237866451082079,0.8271132017048461,0.8315672325369429,0.8304211468149849,0.8226601461292471,0.8048242106542515,0.8048602946116271,0.8116426630240482,0.8178224701597674,0.8247308784615449,0.8236624489596437,0.8124451793146648,0.8124826254233364,0.824883316486492,0.8321493167723237,0.8457604129728064,0.844570880509112,0.7148782172181067,0.7153675465328644,0.7255544254362223,0.7258529768736346,0.7243684493432972,0.7210607419658703,0.7561753069319406,0.7573759529145425,0.7632176337221648,0.7653375167070476,0.7663884383867507,0.7640793167860299,0.8105375655985674,0.8105876181577708,0.8165227666009189,0.8179249323023823,0.820916609760904,0.8175879129573517,0.8213769980150136,0.8214034248681763,0.8297902189389725,0.8326434138288559,0.8366006251772591,0.8361858904005804,0.6949260876560288,0.694968755925025,0.705791905865687,0.7115188681675114,0.7215478220171879,0.7190402981132151,0.6651217628541932,0.6658742014286594,0.6790033255391992,0.68109877505627,0.6791024530881681,0.6749689173305687,0.618493152377299,0.618533713033312,0.6349745836827864,0.6434825853097965,0.646178352030985,0.6409523725125827,0.7928478882574681,0.7929019751994693,0.7995590740931785,0.8019542015536881,0.8016576604154748,0.7991865122141901,0.7465224029800033,0.746529300079142,0.7551785330809268,0.7613072451331224,0.7704217331258132,0.7707044663243589,0.7584429073907033,0.7591200162863795,0.7736988574506554,0.7826055719472437,0.7985024665187519,0.7970193977670466,0.6543699955349865,0.6549475169980604,0.6635825064850001,0.665281617164815,0.6669367967619585,0.6595050910391373,0.7200806320354043,0.7204465190625228,0.7299355029315607,0.7308464128841188,0.7314527029101332,0.7284713838677174,0.7683196659779575,0.7683680608273382,0.7745910850301547,0.7779262908313607,0.7806237246710196,0.7786380485424174
27,0.9265680906307573,0.9266859049274773,0.9309754254965519,0.9340245780697148,0.9363569557889593,0.9358020461747684,0.89278168757882,0.8928075763795916,0.8963375087009332,0.902692031357964,0.9058906364475279,0.9053890332453332,0.8360545823329504,0.8361594587955705,0.8543032160937656,0.8576037756504244,0.8579875555168792,0.8540216837095013,0.8443477465780523,0.8462171471734531,0.8577294135547541,0.8623347181848683,0.8637795578059851,0.8621204123295223,0.8993186491270649,0.8993301855741906,0.904355335636078,0.905759107598675,0.9042288064814153,0.9040547900613798,0.9266693008724814,0.926673258150857,0.9324194286858974,0.9371337177661603,0.9405702928800748,0.9405761610696793,0.923213249723621,0.9232472795109542,0.9298374915534771,0.9372232504496674,0.9433734002609563,0.9423788116593601,0.8628420543516466,0.8629078441748804,0.8705663518316227,0.8752581492227063,0.8757481594460221,0.8723317739024835,0.8565369052934741,0.8566311483835718,0.8606300507937392,0.8660169574404267,0.8671301775675029,0.8641133696296017,0.9018066441092119,0.9018159986419652,0.906195391985504,0.9088646634226755,0.9101196836891922,0.9088855555246029,0.8887372283574865,0.888746576751789,0.8947831735819942,0.8974989152029138,0.900186409830017,0.8993570821132754,0.8195978402134115,0.8197033102757463,0.8296002070004362,0.832232214823927,0.8378287569349671,0.8371570414375138,0.7699987994304723,0.7703472157575924,0.7866402304258315,0.7920087401476732,0.7902632253936598,0.7893227566620851,0.7541901122106308,0.7546080846817363,0.7710476057721526,0.7768095709601609,0.7777375111174873,0.7754044573570978,0.8550230624268148,0.8550633135384531,0.861209505439844,0.8621582282581698,0.8615882818185234,0.8594188541197765,0.8635525337292682,0.8635858973169104,0.8696472539260025,0.8770688898613926,0.8817136782641125,0.8807566174032051,0.8665599101357617,0.8665720207609989,0.8763548773365455,0.8850694133652571,0.8954739871349643,0.8934428827381521,0.7815821357145439,0.7815904351419799,0.7901360568163913,0.7921144700101822,0.7929011041568224,0.7875430068252544,0.796817199311521,0.7975703065246629,0.8021731231159556,0.8062641320741135,0.8068961687584766,0.8047134958580558,0.853197682229113,0.8532103395618874,0.8598322760745564,0.8610118607109181,0.8627071752453742,0.8615155083541781,0.8552530794878699,0.8552646478024648,0.8618614100047036,0.8651106701673366,0.8682225087718183,0.866796791052044,0.7561879490573891,0.7562836850669208,0.7639239446331904,0.7695603871482144,0.7786127624623512,0.7768269629960649,0.7158678210190379,0.7159320339117785,0.733174327363715,0.7350827350892946,0.7368340976642322,0.7318655695033667,0.68191724520015,0.6819868736745806,0.6994660304571327,0.7076193560394142,0.7069658792921675,0.704231967578111,0.8229307963362472,0.8231323729618213,0.8294696358565821,0.8306410527158119,0.8285777820372688,0.8263581800420793,0.8048242106486284,0.8048793233432066,0.8127287524916367,0.819123559574559,0.8254888461103466,0.8246284414302126,0.812445179661722,0.8127706952556234,0.8221244665699778,0.8335811431336283,0.8474293424276369,0.845820834830414,0.7148782162201648,0.7149490769015492,0.72487497180978,0.7270109370692519,0.7244576885120655,0.722236003109332,0.7561753055018667,0.756408851282582,0.7651066833238147,0.7655293723596778,0.7662093257875017,0.7628428952301732,0.8105375657787001,0.8106168036039731,0.814369005563054,0.8186153290321634,0.8213911578433133,0.8194827464479979,0.8213769980130027,0.82146572678529,0.827343336386752,0.8329846992744435,0.8362825075711646,0.8357330194260482,0.6949260873921704,0.6952501120574874,0.7074435193833333,0.7121797756996389,0.7181844710028961,0.7170827883083932,0.6651217628542052,0.665191019093148,0.6764719661803671,0.6827403837853171,0.6837508889852375,0.6787346772605318,0.6184931529401572,0.6185862769782056,0.6401141577587055,0.6410759765044376,0.6462909488415987,0.6399113278595407,0.7928478882598847,0.7932531198668432,0.8005490468443741,0.8019328050675528,0.8012871555488577,0.8001504516919401,0.7465224026591994,0.7465473161551008,0.7557710787315742,0.7615806042616915,0.7703484874122144,0.7705415659904239,0.7584429074320844,0.7586073935016159,0.7729805624497879,0.7841908111864209,0.7976858984940054,0.7955194531403686,0.6543699969901364,0.654457301941513,0.6645282905460621,0.666779376542173,0.6679588041537199,0.6613697833898636,0.720080632035478,0.7201099756682234,0.7304596838422277,0.7312963946841298,0.7306691786975477,0.7297929201986204,0.7683196659787781,0.7684384044558217,0.7762001833434574,0.777706132566844,0.7801027856930123,0.7784617071714293
28,0.9265680906307581,0.9265793205994461,0.9296700641795719,0.9340817660947612,0.9368497450781047,0.9357373036252588,0.8927816876000925,0.8928112948750165,0.8996564205907517,0.9032042715887092,0.9057856448065896,0.905268098335223,0.8360545819891539,0.8362286480087326,0.8529905467578616,0.857479064236806,0.8576864476747871,0.8549192459911895,0.8443477465782616,0.8444020495714781,0.8562052651653966,0.8633191474667077,0.8643563754618552,0.8620857365671338,0.8993186491270407,0.8993904859886042,0.902787133105639,0.9055300588430745,0.9025867972600139,0.9043389473136516,0.9266693009458518,0.9266827838657284,0.9318095764904473,0.935906962312843,0.9408380093987304,0.9403979991133163,0.9232132497211845,0.9232285534646546,0.9316985933627597,0.935545782891737,0.9429795822434446,0.9420895767291853,0.8628420543907529,0.8628807102217998,0.8745350948688461,0.8730379550918347,0.8748854544976816,0.8733845007961751,0.8565369052954511,0.8568163470357867,0.8632792081142443,0.8659451003881522,0.8664467066445104,0.8657264638954536,0.901806644111598,0.9018532765481416,0.9068391747105536,0.9079785771624241,0.9100209305234069,0.9086580618272712,0.8887372283730773,0.8887712209207149,0.8952659427263229,0.8977701152368118,0.9009485205836154,0.8996540588075272,0.8195978400147099,0.8196259579893208,0.8292552332151522,0.8326856235740515,0.8385533725411872,0.8363220762096621,0.7699987854421664,0.7714812473548294,0.7901523522396676,0.7938219441991058,0.7939938216031073,0.786451335626116,0.7541901121572403,0.7557769614974892,0.7717617635935259,0.7757406679476607,0.7780106210373026,0.7747301300539082,0.8550230634452863,0.8550709821277314,0.8593704458151231,0.8615539223211393,0.8611731048879484,0.860523951531487,0.8635525337441344,0.8636643928033234,0.8738334473762864,0.8763904933566268,0.8808743512605209,0.8813311865944702,0.8665599102231655,0.8665889557197954,0.880006077193145,0.8833949831890207,0.8947976184526023,0.8933553448561745,0.7815821357146923,0.7821723885902371,0.7927393166550051,0.7934568001659282,0.7945178130911863,0.788749249029556,0.7968171993198699,0.7979732627135476,0.8028248988192539,0.8043896641632673,0.8067888403872022,0.8048953376029342,0.8531976821922093,0.853199555374703,0.8581183088981031,0.8609045069339827,0.8628824447523992,0.8611062278386912,0.8552530794878163,0.8553743224317734,0.8621774577032839,0.863817974025199,0.8685682248171444,0.8670115907652082,0.7561879490772415,0.7562460164243537,0.7642024075410179,0.7707494401217397,0.7779084792452922,0.7757806107609614,0.7158678208898104,0.7160613632384113,0.7336085898834783,0.7360461889767383,0.7359908025314839,0.7317288934914699,0.6819172453301561,0.6822814840568907,0.6988362677710176,0.7063553685302506,0.7083814774942079,0.7023718844227407,0.8229307963369785,0.8235624563988597,0.8285885505593645,0.8310771313895442,0.8303034942548785,0.8291931404830393,0.8048242106486873,0.8048449735501061,0.8106976259950441,0.8186984189541042,0.8241921251082476,0.8240120594379521,0.8124451793345474,0.8126156534939466,0.8218275689108995,0.8360739617514577,0.8454418405215103,0.8452385942620576,0.714878218611249,0.7150578552798449,0.7265571310900043,0.7260930143347781,0.7270853009558591,0.7206288720955004,0.7561753054544962,0.7575612813268647,0.7631093190365285,0.7649596899756115,0.7659092313129654,0.7630872970551039,0.8105375655981452,0.811162987528282,0.8145941951553748,0.8194534385308154,0.8201726722765589,0.8184080248060717,0.8213769980625775,0.8217172434090078,0.8288262886025799,0.8318588330572383,0.8364196140804281,0.8356623418781306,0.6949260874514185,0.6950287254048804,0.7041244347441401,0.7095571957308573,0.7198916726394574,0.7188831464583074,0.6651217628549375,0.6653994179231402,0.6730254435329566,0.6816652998048326,0.6831583418837548,0.6757677891998632,0.6184931522808237,0.6201905754946876,0.6339528274743086,0.645772589115576,0.6453221272456594,0.6424480848046672,0.7928478882559643,0.7930474116123123,0.7997586066211694,0.8028317606774609,0.8010546180524767,0.797987918015422,0.7465224026601803,0.7465552968066769,0.7563078991267176,0.7618206391654663,0.7697807288065066,0.7705766295245192,0.7584429076750439,0.758762694828331,0.7714248521892679,0.7838939717795848,0.8000367095553188,0.7976518150727872,0.6543699963797357,0.6549042946812363,0.6642667673878625,0.6673307710660593,0.6684202404198505,0.6609027921152026,0.7200806320354076,0.7201911451344036,0.7308833733129212,0.7308310822286526,0.730838062061443,0.727989912315895,0.768319665978658,0.7683500868443853,0.7741873181319789,0.7769448910234953,0.7798238306182199,0.7774567220135407
29,0.9265680906320254,0.9265757801975104,0.9308664840928261,0.9337775683702662,0.9365385589848882,0.9362435501114426,0.8927816875759973,0.8928763058155377,0.8999652360712767,0.9021622884354412,0.9066410596455017,0.9054576199117265,0.8360545897360884,0.8361485270324478,0.8536280963073066,0.8574333219238716,0.8568217043842726,0.8553751851910893,0.8443477465780951,0.8444296918196013,0.8558199174481568,0.8633677045995065,0.8643307716554072,0.862682469237191,0.8993186491274637,0.8993289693186017,0.9035161263399,0.9043375303773644,0.9049581377712543,0.9048575265876029,0.9266693008717743,0.9266798231812482,0.9317675035525169,0.9377994347355355,0.9407683395174118,0.9403985320875452,0.9232132497163287,0.9233656050837438,0.9317901657189438,0.9365284228406281,0.9426749907292393,0.9421297569498852,0.862842054416386,0.8629796084444655,0.8699753926947884,0.8733034794505652,0.874678668027288,0.8727238617344575,0.8565369052923218,0.8565971074900997,0.860583716254726,0.865785110770682,0.8665773221029042,0.8648884817610607,0.9018066441092156,0.9018131785893554,0.9065564875219303,0.9079856241400092,0.9095890537976881,0.9090323931206155,0.8887372283663394,0.8887427227669972,0.89371052983855,0.8972010773627933,0.9002494819389925,0.8991419015336011,0.8195978400146766,0.8196093728651525,0.8245066751190427,0.8334413046802198,0.8382610083013209,0.8375570225415103,0.7699987851559131,0.7700568493981315,0.7905421770531837,0.7908612910194365,0.7914469007140937,0.7887970713271155,0.7541901122086881,0.7549692436926854,0.7633556750904644,0.776871867369891,0.7769811964986316,0.7754376558345535,0.8550230624318025,0.855078777952481,0.861013956649711,0.8622677811259137,0.8627901122695543,0.8599524538547422,0.8635525337288146,0.8635630659660707,0.8688387599489639,0.8770778055855081,0.8812598656260072,0.881146706634416,0.8665599101364359,0.8666695213955709,0.8784999791380917,0.8852062571241006,0.8946589176965515,0.8935993050972573,0.7815821375638907,0.7816455413395331,0.7920691622250685,0.7941407741075259,0.7934601092724904,0.7893337045205644,0.7968171993117186,0.7968383284327655,0.8035008030983382,0.8062539568938706,0.8053999403928103,0.8042350484194364,0.8531976821919098,0.8532033596159443,0.8582615776614094,0.8607211746951853,0.8619750430626141,0.8613255412369065,0.8552530794896099,0.8553002589009786,0.8612441896425259,0.8654756462961671,0.8686646269940477,0.8672238748027414,0.756187949056852,0.7562090482310151,0.7673676654558584,0.7715812824122533,0.7782196680341229,0.776579137179179,0.7158678208899883,0.7171094713610087,0.731806859699428,0.7394497586571198,0.7361533769500505,0.7361242846678204,0.6819172491305157,0.6830187975861959,0.6978608998126283,0.7066300685425847,0.7085025512966736,0.7057727089313193,0.8229307963362472,0.8230930037453275,0.826484862916755,0.831106595043255,0.831724397064373,0.8276375041251789,0.804824210649159,0.8048605066410539,0.8119135820769297,0.8177265565634478,0.8243079253612704,0.8236905687950988,0.8124451793149602,0.8126416409961881,0.8236816843834719,0.83435565044049,0.8446766645326311,0.8464786960358864,0.7148782162343401,0.7149924157271965,0.724206595996432,0.7262769547647661,0.7253146269885618,0.7217947361980579,0.7561753054588132,0.7573958488541698,0.764341012413662,0.7660024349036276,0.7655192476579993,0.7633679910010949,0.81053756559861,0.8105490703695135,0.8156976003910811,0.8187346629882386,0.8213121604304779,0.8184983976110225,0.8213769984636532,0.8214021265445897,0.829213767162608,0.8329608063032647,0.8358151891604723,0.8352774442712981,0.694926087487535,0.6950792498041822,0.7076501368041594,0.7132020528240144,0.721057563722374,0.7168944029359399,0.665121762808186,0.6652794553570927,0.6783297492101932,0.682451089205524,0.6819813307809823,0.6788018879767501,0.6184931522924433,0.6192370149728778,0.635648040255006,0.643612471928673,0.6467948509176944,0.6421528762083054,0.7928479078646287,0.7930775964770118,0.799910282206622,0.8017869859283263,0.8005162436714164,0.7995409550362085,0.746522403500634,0.7465886703560451,0.7520402642586324,0.7592053565465623,0.7705195086663822,0.7694996889257447,0.758442917097091,0.7584566088956868,0.7713597285881758,0.7798069336203279,0.7997075485018872,0.7971124091841358,0.6543699981998701,0.6554645342385474,0.6674380091883312,0.6659003851409429,0.6674287810982,0.6615198292330904,0.7200806320354032,0.7222221542930911,0.7300041277110868,0.7313866666664881,0.7297926569355835,0.7289526357625231,0.7683196659956704,0.7686945672803593,0.7735296790344541,0.777553097197608,0.7793282431768238,0.7782422821669119
30,0.9265680906360775,0.9265735928630701,0.9302508255832106,0.933775428787463,0.9365317013813969,0.9356353098265378,0.892781687575999,0.8927842385844023,0.9004762391807954,0.9028953849611681,0.9072275095866125,0.905313248844014,0.8360545819882,0.8363822666583678,0.8529693175985565,0.8545942285416998,0.8569653690489557,0.8546153093471627,0.8443477466276917,0.8443766339682595,0.8584167484737366,0.8629667957059879,0.864814582348195,0.8623640861184061,0.8993186491270392,0.899388746230003,0.9029930414928856,0.9057599164142596,0.9059293927131477,0.9000568672803264,0.9266693008975261,0.9266773803279625,0.9314584178656564,0.9378948619147833,0.9413445214667209,0.9408585584259506,0.9232132507230871,0.9232221469372587,0.9312745333351302,0.9371830423938756,0.942613639762657,0.9418612012911953,0.8628420543503605,0.8628794695328247,0.8702554362731418,0.874501401146331,0.8757796120079513,0.87247798119079,0.8565369053742695,0.8565447100082437,0.8635219347411559,0.865274394643213,0.866047585585638,0.8654476375908962,0.9018066441103314,0.9018125357967863,0.9051524268404594,0.9093311412484878,0.9098005565009107,0.9086934324032229,0.8887372283574674,0.8887870191825744,0.8945373068636461,0.8975306729833169,0.900238441907446,0.8999680680608813,0.8195978400144306,0.8197285699163613,0.8283626696772393,0.8329157995393939,0.838388633992946,0.8361463394979571,0.7699987851542694,0.7703041703476007,0.78955454585726,0.7919271783769866,0.7914336920473468,0.7906457478710027,0.7541901763714021,0.7542822990597218,0.770575603768832,0.7750137238244139,0.7773133787368987,0.7752076327301944,0.855023063096074,0.8551033775402184,0.8583075541517624,0.861621774552651,0.8630496634130425,0.8610854160080584,0.8635525337289889,0.8635600623307546,0.8720058976126408,0.8764699689100196,0.8817878086401407,0.882343123788319,0.8665599101370942,0.8666635897608211,0.8771672141110735,0.885257660642328,0.8944416594177397,0.8937458671423416,0.7815821357151795,0.7816068148673454,0.7941731031944034,0.7931922170939535,0.7938706679652059,0.7904067072009475,0.7968171993163213,0.7971122085590769,0.8032897636677347,0.805765273715715,0.8069074056258569,0.804434385985699,0.8531976822245708,0.853214569393708,0.8593623657828364,0.8606376418519471,0.8632931013350723,0.8610401435836046,0.8552530794896412,0.8558054034648306,0.8608732884842337,0.8646088502905316,0.8680282636608263,0.8668109412959478,0.7561879490914796,0.756427756974679,0.7642377120169107,0.7714998862372365,0.7784315721446121,0.7783210751596845,0.7158678208901412,0.7159630750194478,0.7346524235433758,0.7347776149168441,0.7392803327544057,0.7336465137241717,0.6819172447358153,0.6826875720898837,0.6957376755072919,0.7070362299250357,0.7082653840729678,0.7042618979870595,0.8229307963362484,0.8230345296631705,0.827652916616109,0.8309679043121072,0.8318896755179456,0.8267143571892288,0.804824210658058,0.8048409139525574,0.8128184229774673,0.8171885234911385,0.8246881067518448,0.8231966063870567,0.8124451793147148,0.812769789322151,0.8287194270909017,0.8365456356381366,0.8480418519088073,0.8442254582914652,0.7148782162530753,0.7150072835062334,0.7228557020329802,0.7255631566784846,0.7262855739499694,0.7226153069947656,0.7561753058559437,0.7563066835034439,0.7633410748513275,0.7654149253915761,0.7657130274061665,0.7620495600155731,0.8105375656447835,0.810566845598458,0.8156224950892454,0.8185572488803962,0.8206990419734105,0.8179921628128177,0.8213769980143477,0.8216952427889422,0.82891179811801,0.8330915812627643,0.8358524443538958,0.835456833681788,0.694926087392428,0.6950624610176117,0.7045527150550082,0.7097232849121641,0.7207425486419361,0.7171034773409699,0.6651217691965632,0.665193618968189,0.67749485785739,0.6796020040111952,0.6834267941978333,0.6719341106743968,0.6184931522791877,0.6234640215089666,0.6380708272284742,0.6469652718712746,0.6453702431604551,0.6414208797519132,0.7928478882600384,0.7929635621427947,0.800200642052286,0.8017001445815843,0.8019344233349176,0.7994483658893551,0.7465224027387849,0.7466671438097567,0.753917989301555,0.7630632684819043,0.7705354977275425,0.7698398334228302,0.7584429073965502,0.7584665938854205,0.7703627589267646,0.7815889652545313,0.800859779334536,0.7961747388008925,0.6543699957221532,0.6545590740918389,0.6644916422715417,0.6669822772842477,0.6646791950654027,0.663099035611421,0.7200806321748661,0.7221806635383222,0.7299881344532791,0.7307131876960917,0.7320730255268784,0.7281962166899849,0.7683196659738308,0.7683866371909167,0.774913306214058,0.777292220098693,0.7795564828655244,0.7775269335407935
31,0.9265680906307576,0.9265899402689921,0.9309665084199866,0.934053631343001,0.9361425663292491,0.9358731915987462,0.892781687578608,0.8927866881473826,0.9007594718297857,0.9028988224324088,0.9060439453922833,0.9057934622748136,0.8360545821095512,0.8364754333517843,0.8461206522976319,0.8579860488544925,0.8591212317368924,0.8541460396189511,0.8443477538887785,0.8444085097019631,0.859110146608792,0.8610825342321813,0.863824659765144,0.8624300464320496,0.8993186491270373,0.8993440419367376,0.9036234953066957,0.9056505963984984,0.9055840052746686,0.9045948699534037,0.9266693008734487,0.9266916541240395,0.9327038273855142,0.9367330560892606,0.9412231654677509,0.9411061557627918,0.9232132589165625,0.9237576604185094,0.9318298881949585,0.9367509535238278,0.9427340136194413,0.9421147153855255,0.8628420543516503,0.8628749798766894,0.8738662573946736,0.8737634657842848,0.8749066326545422,0.8729064020200357,0.856536905294691,0.8565613428674692,0.8626741543686941,0.8657005867055354,0.8672599680188036,0.8647619747408275,0.9018066441090055,0.9018076588500903,0.9070334201927198,0.9084366440184605,0.9096305256876416,0.9085278164789352,0.8887372283574866,0.8888034732436867,0.894313267826612,0.8972967979853717,0.9010320936516495,0.8995797206263587,0.8195978400146771,0.819700267457177,0.8293553783595721,0.8317572246317579,0.8385538348983693,0.8370713910643224,0.7699987853092256,0.7700721463768272,0.7863907590242742,0.7922202394080164,0.7914183312679881,0.791246755282477,0.7541901260673066,0.7552001052731585,0.7675688873252846,0.7750867996218311,0.7776821570634562,0.7742667385795843,0.8550230628266757,0.8551503644468819,0.8593287638798526,0.8617506190213131,0.8607017746355352,0.8607383531204728,0.863552534417849,0.8636742875603212,0.8694769705206884,0.8759176220539863,0.8809727722642582,0.881738169604238,0.8665599165834372,0.866587869194248,0.8797451962324355,0.8863871859004068,0.8960005893045011,0.893332689571599,0.7815821393584563,0.7816204579778032,0.7908345316003287,0.7940089967513422,0.793646526842338,0.7880549598562916,0.7968171993130877,0.7983101277373994,0.8043807373570818,0.8059122878729704,0.8061632928935679,0.8037027949341797,0.8531976821924347,0.8532056009658162,0.8571327433787239,0.86009691840318,0.8625101018521096,0.8615344173470013,0.8552530794880588,0.8552627697784777,0.8617431984287776,0.86333206002964,0.8681113662328518,0.8672131382615007,0.7561879490684974,0.7564208548556058,0.7663605582133999,0.772666779530786,0.777875478310434,0.7770542372274851,0.7158678208904254,0.7158979898224518,0.7319906839471202,0.7347134775360945,0.7347416996231242,0.730892948922325,0.6819172450322768,0.6821954618012815,0.6974351116968454,0.7058331822461469,0.7094751086491565,0.7021775031505454,0.8229307964532515,0.8235416897536484,0.8268717200084652,0.8304664637769779,0.8290443975754177,0.828765989278133,0.8048242106486316,0.8048346647858423,0.8143829042044809,0.8171017251719964,0.8243494637706295,0.8249013594734385,0.812445179315052,0.8127015109444954,0.8218223624479606,0.8333167126520962,0.847302014277152,0.8449035222415346,0.7148782162202796,0.715095475135094,0.724026482028893,0.7274602325799576,0.7250673207895643,0.7198547400729352,0.7561753054543499,0.7575523221592098,0.7639525562570553,0.7656172698877842,0.7652081649537025,0.7631174718473905,0.8105375655981337,0.8105547082483037,0.8165735078553784,0.8183375699648986,0.8217084553669831,0.8181378644744162,0.8213769980128799,0.8216607592858799,0.8295043533852342,0.8329446347553899,0.8363694178980825,0.8346350226489688,0.69492608739286,0.6949294471239709,0.7063612375735586,0.7127059343260458,0.7204648982908834,0.7199991165088634,0.6651217628560946,0.6655819784950826,0.6766240865681727,0.6815051908444729,0.6815593257789034,0.6778762590879464,0.6184931560754238,0.6186591422215364,0.6383698206665058,0.6445166857211921,0.6469584785979796,0.6416752288642478,0.7928478882606738,0.7940087955709378,0.8004069569812173,0.801292516594728,0.8006049079093935,0.7989515660772215,0.746522402659495,0.7470110196896216,0.7558716916001599,0.7599099018623594,0.7700319287209528,0.7708361082887536,0.7584429073968859,0.7584528535807178,0.7732006416697076,0.7807114158391275,0.7984587279773584,0.7970010459833636,0.654369998891222,0.6544872536971991,0.6657432496058658,0.6684278830570018,0.6658498690317078,0.6627221678597289,0.7200806320532525,0.7203778688513538,0.7306447585214473,0.7309328107405852,0.731356936960738,0.7288132305338674,0.7683196659793134,0.7683328357484408,0.7749522586571529,0.7770019089118266,0.7794716418338499,0.7766791755436535
32,0.9265680906307573,0.9265807395013452,0.9306455931393633,0.9346310787490851,0.9357610636195616,0.9355213834846878,0.8927816875760963,0.892790878974426,0.9009271612599715,0.9033988301496452,0.90608452600787,0.9056134153124492,0.8360545823247696,0.8363176415702506,0.8536304037770056,0.8571532707660615,0.8568883848011335,0.8562377400907097,0.844347746578096,0.8444569217835984,0.8555675958298448,0.8603131996695013,0.8642264329397332,0.8625428672566374,0.899318649136416,0.8994423580228503,0.9038599664666135,0.9055789427757983,0.9057899469690368,0.9051279283935929,0.9266693008737352,0.926717576694927,0.9328520845823537,0.9368586848442713,0.9413354499847204,0.9406551808073131,0.9232132497732757,0.9232831507309989,0.9342048871072975,0.9374194059728911,0.9428232763193796,0.9419540449578777,0.8628420543516461,0.8628480523728359,0.8701287664725341,0.8754189779384377,0.8753231898781133,0.8733839747929149,0.8565369052924636,0.8566049856451846,0.8628703393030362,0.8653103499228505,0.8670893391901838,0.8650933821829982,0.9018066441091954,0.9018119057805234,0.9062028402803239,0.9090426291417535,0.9100314085378002,0.908630523300574,0.8887372283574627,0.8887474808724,0.8952702736362208,0.8966081443415707,0.8998357814751163,0.8992033878367438,0.819597840117026,0.8196034901693872,0.8267465067096176,0.833347375750999,0.8376807747720671,0.8356184584625896,0.76999878518891,0.7701365210106842,0.789365885007159,0.7921795120116234,0.7910791197322997,0.7831020235836424,0.754190112157849,0.7548306040933112,0.7675877005529697,0.7755210954896645,0.7784122499441374,0.7749866370866465,0.8550230624268134,0.8555574034808255,0.8594343737743029,0.8622750262777091,0.8610868240615551,0.8587616935113233,0.8635525337288157,0.8635569682579651,0.8724069661851224,0.877831380773687,0.882606415047388,0.8808597193048053,0.8665599101370245,0.8666460756800829,0.8763704163326461,0.8823653618413235,0.8951479030555954,0.8936654306373767,0.7815821357224866,0.7816076609240002,0.7912458108016112,0.792700965887892,0.7914049460297424,0.7889757596276423,0.7968171996793717,0.7968799171402264,0.8033912470014073,0.8057905657211863,0.8066572119030027,0.8039712009146113,0.8531976823827392,0.8532049314104847,0.859421926408859,0.8607723153163096,0.8623110888264671,0.8611919684932983,0.8552530794879956,0.8552818265344855,0.8614071255333855,0.8658719792273398,0.8679059287085235,0.8674272074662003,0.7561879490575992,0.7564080043930472,0.76636478862634,0.7711723985881385,0.7777166497766204,0.7765664725769404,0.7158678208905405,0.7161617344785842,0.7268780499980074,0.7354379137369826,0.736575379059873,0.7342664322400685,0.6819172450050998,0.6826677324404283,0.6977348560119346,0.7078323970499119,0.7091415154255256,0.7058537522421232,0.8229307963543501,0.8229449445796065,0.8290263228054059,0.8314517337641293,0.831527417767846,0.829072081196585,0.8048242106486492,0.8048561342195335,0.8097405909126544,0.8196948063457216,0.8230583226592803,0.8236867730544954,0.8124451793388476,0.813045887824052,0.8266155755755298,0.8320357205669338,0.8463634744795369,0.845786522105189,0.714878216220342,0.7149305660430343,0.7214358053317238,0.7258457030124493,0.7266760076157963,0.7215491235959539,0.7561753054547861,0.7563478180277636,0.7621822200525908,0.7659511144519242,0.7664783509747025,0.7640449749582456,0.8105375672471944,0.8105400526341772,0.8172233990169985,0.818463545280941,0.8199702705924674,0.8189545209347033,0.8213769980188668,0.821580001802334,0.8279242786659176,0.8319824621617952,0.8362515386209124,0.8344342692845899,0.6949260874055304,0.6951099763752328,0.7060308970753573,0.7112261618996042,0.7213803935351198,0.7179031142483903,0.6651217628503319,0.665202898795082,0.6790891445676116,0.6821289948065219,0.6790278184445037,0.6770866448177632,0.6184931522914552,0.619591115078755,0.6394100700290353,0.6432846983662619,0.6452787422515314,0.6422984167625994,0.792847888256043,0.7931145833655792,0.8016046261089257,0.8033970561462909,0.801128473999845,0.7960682481411809,0.7465224026590729,0.7466632428567219,0.7562737094305474,0.7598343456895377,0.7695446682073246,0.7688158167096425,0.7584429086233302,0.7585031094067815,0.7680181732385909,0.7858741371675976,0.7988181118274919,0.7974600916214228,0.6543699955386354,0.6543803297429301,0.6648644290761825,0.6669571822448379,0.6654575663917637,0.6631332835467199,0.7200806320354806,0.7206625302748371,0.7297798376760679,0.7312493579314192,0.7322277846734675,0.7291125474265814,0.7683196659786362,0.7683396854997346,0.7729091923325369,0.7769939486072555,0.780164729861774,0.776141525925659
33,0.9265680906336573,0.9265691165696692,0.9309080171997851,0.9342705037162231,0.9367946793655577,0.9357605859865745,0.8927816876073693,0.8928452795413732,0.8995249120365704,0.9031982508009813,0.9064310712406045,0.9049504721825287,0.8360545820075213,0.8364857621194128,0.8525402629834409,0.857066087992349,0.8576751609648415,0.8547342391846398,0.8443477465780964,0.844592729667012,0.8589220616308887,0.8623194739885051,0.8639562542395929,0.8622243361815543,0.8993186492358739,0.8993187023798398,0.902903907539804,0.9045463636020684,0.9060226520233309,0.9050477327800677,0.9266693008714794,0.9266763963658645,0.9330884529084046,0.9364586682424115,0.9412401896378068,0.9409135885464169,0.9232132497175691,0.9233703206198614,0.9341248532017384,0.9372198930854911,0.942963614764516,0.9425249812775871,0.8628420543516477,0.8628827212774992,0.8704012093047311,0.8726055307328096,0.8747324524565111,0.8724023577021127,0.8565369052923081,0.8565875665565994,0.8626959186648027,0.8655795766153558,0.8670322424731359,0.8653770139610006,0.9018066441094743,0.9018334103726613,0.9071748601010261,0.9082260839543461,0.9100176555902845,0.9091349634427456,0.8887372283575392,0.8889339093067973,0.8954473835886314,0.8983835023956019,0.90063347456259,0.899503610659608,0.819597840014679,0.8196108179481488,0.8257936211336893,0.8338186926529023,0.8380801359562147,0.836906629992194,0.7699987851559159,0.7701136123695205,0.7877980825516177,0.7913391761343527,0.7928059570580206,0.7896368104666263,0.7541901121655237,0.7542080515639813,0.7690452637076672,0.7758108584967849,0.777945833819242,0.7739016779305197,0.8550230624301638,0.8551228472425936,0.8596222467310186,0.8627766064845711,0.8588409634233176,0.8620004958103538,0.8635525394228649,0.863620809197212,0.8722546029999351,0.8730862317245123,0.8816917377378602,0.8805776559035469,0.8665599101353615,0.8665692253332294,0.8756890184397267,0.8844186138836545,0.8953751032898637,0.8944293116644422,0.7815821357226453,0.781590624172832,0.7924872061719435,0.7923047933653153,0.7928678352704852,0.7886245636521232,0.7968172057378325,0.797308826567733,0.8053341910333027,0.806372016301401,0.8066790638697894,0.805110809985736,0.8531976821921163,0.8534364212603018,0.8599079856182643,0.8617504187249374,0.8633222413880686,0.8610615401594611,0.8552530794887075,0.8553015449559797,0.8618812132255955,0.8640053184437979,0.8681914663598616,0.8672581185138684,0.7561879490616815,0.75622150103604,0.7638194041888127,0.7717179315697196,0.777731864903629,0.7770950401738231,0.7158678208991487,0.715922224485823,0.7287965868434034,0.7350430082455564,0.7360774800163712,0.731628183998217,0.6819172447309239,0.6828348899503148,0.7018519487846907,0.7060435078586564,0.7083092659783701,0.7045910839460763,0.8229307963349873,0.8231989784740339,0.8285075315045203,0.8305900416715637,0.8309335034815952,0.8271057760746284,0.8048242124692299,0.8049374725021448,0.8137057754703211,0.8182165093888535,0.8232287609515917,0.8245242488428772,0.8124451793147175,0.8126815952057254,0.8286978240077912,0.8334086088184698,0.8470783241930429,0.846358523431432,0.7148782162202234,0.715001013071531,0.7234762107820571,0.7240480529351275,0.7265521597866524,0.7205878932966321,0.7561753055672555,0.7565339618101945,0.7650698900219823,0.7657196379120307,0.7656441296318984,0.7627644973633918,0.8105375655981251,0.8105489998181241,0.8154281590033625,0.8186903793283169,0.8204858819571135,0.8183088405636393,0.8213769980128807,0.8221086577019107,0.828615571727537,0.8323552523768314,0.8365768340526638,0.8353263560970142,0.6949260873907375,0.6956186886054989,0.70730771302458,0.711908224831181,0.7213302771695806,0.7201664185257183,0.6651217628331453,0.6656982835016433,0.6768632133378873,0.6842803377635105,0.6784564268838342,0.6722029653975402,0.6184931857388853,0.6186757325368293,0.6407169824963371,0.6437753351107389,0.6458200384773318,0.6427540229183228,0.7928478882607285,0.7929839758782182,0.7990644188561461,0.8030314278889488,0.8003317211860241,0.800991639326465,0.746522402659102,0.7465457526527532,0.7525534594915357,0.7584997675231273,0.7715037742683685,0.7699024617898594,0.7584429074097289,0.7586146988597029,0.7727326171923733,0.7793994164532538,0.7977656918995228,0.7970908246108215,0.6543699955657574,0.654801951810065,0.667006318191526,0.6685591635517025,0.6677385062523467,0.6592341323478568,0.7200806320521692,0.7205590225354057,0.7291212305523667,0.730199260173285,0.7307264342053807,0.7292466019761477,0.7683196659779715,0.7687311030527035,0.77354572719568,0.7764987136303261,0.7795530711327526,0.7787350204773015
34,0.9265680906307574,0.926572230939245,0.9307843362590027,0.934000084181915,0.9365870715916889,0.9360155470049242,0.8927816875760541,0.8927928413850794,0.8999783931024619,0.9029068057620695,0.9057423770904967,0.9049306113185297,0.8360545819884178,0.8366039936434186,0.8534803607538454,0.8568235837231712,0.8599340429191329,0.8551241055008688,0.8443477467289904,0.8444406781176387,0.8594568793384705,0.8638553367153806,0.8648228119444857,0.8618000412325935,0.8993186491270744,0.899396329726521,0.904522579022421,0.9046362094191931,0.905284891292055,0.9053928046050003,0.9266693008721207,0.9267023986743484,0.9327785481512721,0.9361956963264472,0.9405686080441054,0.9407151277919231,0.9232132497250507,0.9232288317862805,0.9335712199836668,0.9387395947237894,0.9422317360152398,0.9418350265431257,0.8628420548414084,0.8631022812449186,0.8704071030864813,0.8744218809059977,0.8751595669268375,0.8726443702366476,0.8565369052923086,0.8566811688222302,0.8621831106142129,0.8650000491233214,0.866833409731141,0.8651453393917504,0.9018066441091946,0.9019120856245569,0.9065559804506069,0.9074932812145138,0.9100906350176252,0.9083548214931247,0.8887372283623866,0.8887469237296907,0.8926272615898758,0.8977132238520535,0.9004631774411391,0.899795949419117,0.819597840147322,0.8196475212118459,0.8277411113458386,0.831599651744585,0.8363716865150927,0.8370356547099768,0.7699987851559095,0.7701157711263376,0.7851230427983882,0.7913217572850579,0.7929138690045531,0.7872776610215753,0.7541901125872544,0.7542870788809148,0.773551334644557,0.7759282406484695,0.7757719379087925,0.7745809142946747,0.8550230624271076,0.8550816804168577,0.8600999080964515,0.8616720047090958,0.8587305222519953,0.8608740515345509,0.8635525337288511,0.8635770777372096,0.870535233490134,0.8761046915186151,0.8815715410021041,0.8815848481788254,0.8665599101353972,0.8665816993754311,0.8782428457311298,0.8844166768169202,0.8946338705333915,0.8938488606735684,0.7815821359798623,0.7816487999603654,0.7886977698786569,0.7934280218610812,0.7937346744074507,0.788075530948968,0.796817199320079,0.7968362394536118,0.8023693008770507,0.8060470804164777,0.8065519937739147,0.8047577235506983,0.8531976821918985,0.8532402178054105,0.8587929157438627,0.8611194619495625,0.8630123161550852,0.8613376807776355,0.8552530794878612,0.8552994530120627,0.8624975866666595,0.8641176982174368,0.8675443883867138,0.8664942008632013,0.7561879490568346,0.7562544544740067,0.7657120444213394,0.7716075507795664,0.7779993141828104,0.7763995449994026,0.7158678208913232,0.7172891637373074,0.7321348887034478,0.7366308188840953,0.7394033609023852,0.7289069994830217,0.6819172447685645,0.6820403358198841,0.7014981704256298,0.7064495365214084,0.7084963508959615,0.7037798852774956,0.8229307972080608,0.8229731436319839,0.8272262707132724,0.8305249484179489,0.830471588916524,0.8295898575674179,0.8048242106486357,0.804852447545036,0.8117288900538476,0.8189612587798611,0.8237844158810151,0.8256175514472295,0.8124451905153294,0.8128475823605861,0.8221590235878653,0.8303307879788954,0.8452767600559873,0.8443533118756055,0.7148782162202088,0.7156303064292184,0.724666036092994,0.7261845293787248,0.7253152709554846,0.7188316890682347,0.7561753054543439,0.7567673519124802,0.7634128443273617,0.7662258919462358,0.7660986046206161,0.764549291040784,0.8105375655981195,0.8105679558502719,0.8155501396242752,0.817844536063633,0.8205883088073642,0.8186929375376089,0.8213769985547612,0.8215691568599587,0.8286734111395673,0.8327960177235838,0.836607508545235,0.8351197051156386,0.6949260873921763,0.6951716076928973,0.7047543158730178,0.7107620211191613,0.7215397169022888,0.7176891644971247,0.6651217629059694,0.6651781575630156,0.6796853844240429,0.6823298773695867,0.6832192900981893,0.6757952201173518,0.618493152287797,0.6199224082486419,0.6380790191900958,0.6447640811034778,0.6461947443593005,0.6402393703076379,0.7928478882624614,0.7929874434713312,0.8008316424957622,0.8020062428630239,0.8010112010956036,0.7988224937176789,0.7465224026590791,0.746523411535476,0.7534771824692595,0.7602691531227344,0.7700990757941353,0.7687988893026286,0.7584429073968848,0.7589651205885906,0.770842197503419,0.7840547985070416,0.7985350999906489,0.7975123531131025,0.6543699955349299,0.6546807972211897,0.6650906694217145,0.6690403417727195,0.6671014734558343,0.6601922702797337,0.7200806322124026,0.7204157143150212,0.7295912710961325,0.7314976394128563,0.7305482750542198,0.7286276938350296,0.7683196659779594,0.7687176562774596,0.7746784754638052,0.77795848422368,0.7800110429651815,0.7771100375072273
35,0.926568090652446,0.9265886103431373,0.9312038037542452,0.9340536231027775,0.9361984875579226,0.9358239676781139,0.8927816875882998,0.8927909357593473,0.897904208094249,0.9029126330169994,0.9058886695544366,0.9053915746825444,0.8360545820369013,0.8362631734619116,0.8515180538246374,0.8572792007742527,0.8598508297755014,0.8558367879701333,0.8443477465788053,0.8452294969432812,0.8591912391140717,0.8633916562299131,0.8647041920181499,0.8620273822751956,0.8993186491349461,0.8993341196635442,0.9032616900711025,0.9054754053304958,0.9052750745195458,0.9048762531819774,0.926669300872039,0.9266923405792766,0.9325868833851345,0.9365202531213682,0.9403023939794265,0.9408029794382503,0.9232132497879033,0.9232441543764253,0.9324018264699273,0.9379573472297225,0.9422859992137651,0.9419493906816697,0.8628420543523059,0.8629583771666032,0.8710760015096435,0.8746850805708272,0.87605918099027,0.8740776162359344,0.8565369052926946,0.8566422779187888,0.8632454111059109,0.8653682727918328,0.8668550779319621,0.86480209831738,0.9018066441093083,0.9018478735562204,0.9060497599940354,0.9074631405426143,0.90995560042689,0.908973089198249,0.8887372283586545,0.8887456613120372,0.8949200930116522,0.8978219783830533,0.9002598480466228,0.8993065636834766,0.8195978400149168,0.819866381734079,0.8273079179122921,0.8324392195969077,0.838195610376778,0.8365678326209759,0.7699987851559125,0.7700781511081283,0.7885662552126793,0.7907026393643326,0.794044395877712,0.7875875821595646,0.754190112158403,0.7548851698076464,0.770449338558824,0.774954800736228,0.7772315877380629,0.7747115051369303,0.8550230624399238,0.8550396043310166,0.8587576628647997,0.8620391181692302,0.8616864351949455,0.8597032039461499,0.8635525337289912,0.8635529741781367,0.8715734447890946,0.8768206929261267,0.8810844360735218,0.8824207884222898,0.8665599101355667,0.8667091145362649,0.8783523605505436,0.8866551021398775,0.8948987532258149,0.8935924655452557,0.7815821357150382,0.7816053735635667,0.7910329628531998,0.791906097852037,0.7908956142213944,0.7888918871978405,0.7968171993114166,0.79687356551284,0.8027614203170484,0.8061592452075246,0.8066211333411606,0.803851967943245,0.8531976821922663,0.85324091802212,0.8590593523514357,0.8596017338003542,0.8627342561042604,0.8619189020890787,0.8552530794878512,0.8552687442132607,0.8624472263106292,0.864446311586153,0.8684297144699096,0.8672072625641286,0.7561879490976027,0.7562720261668607,0.7663452218813472,0.7711679598405136,0.7778927345595418,0.7767709236070075,0.7158678208900997,0.7161246375526068,0.7323081168515566,0.7371723720952204,0.7378007703506584,0.7300636391760165,0.6819172449929922,0.6842435466432186,0.7030338726021403,0.7017267502345477,0.7080684437661151,0.705498965884872,0.8229307963380934,0.82307604031016,0.8286470099114299,0.8306112434956165,0.8300371884404886,0.8259856538712531,0.8048242106478374,0.804830308614831,0.8128006836939983,0.8157568304395743,0.8239349906166408,0.8238998894360811,0.8124451793390967,0.8124530994151761,0.8243568507479174,0.8346730454825357,0.8466778032717714,0.8445756155729756,0.7148782162198666,0.714982372117349,0.7229964537447056,0.7263414312358999,0.7267687080987983,0.7219638174619816,0.7561753054543463,0.7564219013949391,0.7653246426238958,0.7661054641759492,0.7655094195918298,0.7645060874032532,0.8105375655981145,0.8105556787480687,0.8165009567470269,0.8181206328951954,0.8212697019341253,0.8183593843912936,0.8213769980130134,0.822106104095679,0.8282076468963592,0.833123339090553,0.8357420339042725,0.8348835808227766,0.6949260874869823,0.695094650832227,0.7074130125679854,0.7129328106110513,0.7213513848721664,0.7192696670171854,0.6651217628407453,0.6651954530054904,0.6798338955747212,0.6818384686561495,0.6799927292971886,0.6793521275648464,0.6184931700694631,0.622486034104191,0.6346618880945714,0.6435720709306088,0.6468715984059303,0.6388440580133853,0.7928478882572912,0.7931697956717929,0.7998720695316766,0.8032450376127149,0.801543147574732,0.7965680862528228,0.7465224030388999,0.7465264215918583,0.7518195159928429,0.7605267246033471,0.7712304467740769,0.7687825063572408,0.7584429090189992,0.7586055312570359,0.7689772009018983,0.7834986067536999,0.7995406275313858,0.7962287073622728,0.6543699955349765,0.6550135084535628,0.6666116676521345,0.6669681226211146,0.6646767906160318,0.6604769042424348,0.7200806385473628,0.7205779978162393,0.729613651992189,0.7306967474685094,0.7320076503000406,0.7290827083299503,0.768319665977969,0.7683845708278403,0.7742796590169165,0.777114113587018,0.7803442290065923,0.7782157459445436
36,0.9265680906307577,0.9265707996058794,0.9318124160495446,0.9350620111659279,0.9364690039113779,0.9358333912466549,0.8927816877145852,0.8928151180994026,0.9006943459222053,0.9031745889138536,0.9062246914128133,0.9054343326925162,0.8360545819998662,0.8361184186547588,0.8551552087280179,0.8567307941840849,0.8571674954159214,0.855570223316963,0.8443477465780961,0.8444121243304632,0.8553932470190897,0.8612325851064304,0.8648457510954759,0.8619482457068768,0.89931864912704,0.8993483201821348,0.9038151643756606,0.9056828889791114,0.9059456240544819,0.9059286086404514,0.9266693008714812,0.9266799681070945,0.9310693672975635,0.9366263257538763,0.9409887632028685,0.9406595321926926,0.9232132497161796,0.9232963130418314,0.9305053640057136,0.936084075576732,0.9430972002352629,0.9418225336251063,0.8628420543522249,0.8629086929209229,0.8686599761033352,0.874349644666796,0.8750579435189665,0.8732164795178645,0.856536905292407,0.8565705380398297,0.8608389350415526,0.8649250803309088,0.8671856392599302,0.865496737938235,0.9018066443563798,0.9020349887747956,0.904571267650341,0.9088266377743078,0.9103394213589551,0.908973601271233,0.8887372283574635,0.8888254359333889,0.893178910987358,0.8982725545556867,0.899685494781922,0.8995586589347614,0.8195978400163837,0.8196239728518305,0.8294329930257565,0.8321260676241775,0.8386191817236618,0.8365228978868177,0.7699987851564734,0.7704935248584781,0.7897303028812569,0.7910244576763372,0.7927004412176986,0.7884181278552744,0.754190112794565,0.7545040495816673,0.7678020552119074,0.7760628684279045,0.7784762950323275,0.7742478327708919,0.8550230648851076,0.8550447582284977,0.8588957321796344,0.8607024094457366,0.8624742801815986,0.8609241031864241,0.8635525337288124,0.8635776942869152,0.870204251675073,0.8768696923766567,0.8812119211197176,0.8800467262543787,0.8665599101357914,0.8666447963048629,0.8784876177709926,0.8857946232206336,0.8951980582837641,0.8932584689078307,0.7815821357145492,0.7816528132284051,0.7922624006393566,0.7909758048743489,0.7927740579042603,0.7874988436453421,0.7968171998083068,0.7970267398533342,0.8036760966939042,0.805444890985999,0.8063016452532238,0.8050375316898281,0.8531976821919107,0.8532028697757639,0.859324618586598,0.8603460790957428,0.8620054282591592,0.8605210679188822,0.8552530794884017,0.8553658759956576,0.8622166516959877,0.8646182279862086,0.8683812590633077,0.8673717038062415,0.7561879490585282,0.756359343909272,0.7664878013003502,0.7704215560056487,0.7770920575645042,0.7770708395443886,0.715867820892764,0.7159395555911885,0.7356231854249189,0.7349475111229758,0.737068722649871,0.7308700549487843,0.6819172450925524,0.6851382519820794,0.7003528689681714,0.7039059670725691,0.707749195646989,0.7058637212928494,0.8229307964685031,0.823239519665456,0.8302583324056186,0.83194968680596,0.8301460859613107,0.8284583136617326,0.8048242106486276,0.8048638144334693,0.8108359585462103,0.816872417044144,0.8241268412008268,0.8236687977122759,0.8124451812705532,0.8125401832333149,0.8274976668137703,0.8318230179205323,0.8460182359044447,0.8447714077806474,0.7148782176828472,0.7150856143880229,0.7267382064516396,0.7256607597381526,0.7272363693553539,0.7206107023245697,0.7561753054585221,0.7564870657437605,0.7633956588958634,0.7652934022021011,0.7662635957115727,0.7633678922345015,0.8105375655981186,0.8106321095549074,0.8169099215414298,0.8182179513647865,0.8206285348066018,0.8186268950994481,0.8213769980188419,0.8215460189642719,0.8279064758732029,0.8327996870651735,0.8363999826765443,0.83488343351212,0.6949260877130077,0.6951028428727881,0.7015677570043234,0.7118253880904697,0.7199019737241585,0.7183271261133245,0.6651217628541876,0.665135390153992,0.6798068395207411,0.6804276624114989,0.681901660616844,0.6775639306854402,0.6184931524873294,0.6193522118336798,0.6362665685049165,0.6422182936101015,0.647441405717611,0.6446080857711516,0.7928478891953369,0.7941037660040435,0.8017749339775755,0.8019336922357061,0.8005655457387298,0.7987129733787579,0.7465224026590729,0.746528663074624,0.7545722591696757,0.7624194800261208,0.7688422219351122,0.7702512223242489,0.7584429074220699,0.7603697834767428,0.7705011659140425,0.7802002760413681,0.7990228628955434,0.7975985085499276,0.6543699955376154,0.654464086066688,0.6643716013776239,0.6690487392187917,0.6679927854134122,0.6628406399450134,0.7200806320354067,0.7216424742886558,0.7296659352894999,0.7309560544730667,0.7314324304080504,0.7289089311328968,0.7683196659780924,0.7685675726564563,0.7743223622900186,0.7775695499490929,0.7798441228047243,0.7784123611205236
37,0.9265680906308287,0.9265953862946096,0.9303449900181536,0.9342835465750244,0.9365449289196868,0.9358906980773598,0.8927816875777607,0.8927854395619097,0.8984363699966902,0.9033934064375362,0.9061083648139239,0.9059177119071105,0.8360545820079772,0.836932124915684,0.8529506610897242,0.8582346060930459,0.8570050937817293,0.8570830894652423,0.8443477465869806,0.8443684004192866,0.8558722138211956,0.8619273366141745,0.8645868359712688,0.8624027524052844,0.8993186491271595,0.8993748479474819,0.9028772329626031,0.9053268318996004,0.90663258810952,0.9043955333562016,0.9266693008713077,0.9266729463910024,0.9322857745165927,0.9366250433372808,0.9411535582858747,0.9407350340735626,0.9232132497161801,0.9232407862162733,0.9328982755612022,0.9377896764537748,0.9430356392631437,0.9416864642382015,0.8628420543518939,0.8628621431584844,0.8697455204115988,0.8742654765938849,0.8740649990078061,0.8721530450539817,0.8565369053581158,0.8565911814268199,0.864741302896803,0.865683196240744,0.8667824481443408,0.8648678858911993,0.90180664414881,0.9018139015013582,0.9050278710230433,0.9082843537739571,0.9102094736628046,0.909520877995345,0.8887372283574688,0.8888043344444914,0.8937772316037447,0.8970422145400306,0.9006020536988075,0.8995429901311631,0.8195978400146766,0.8196053647758691,0.8270620503201604,0.8327629099455953,0.8378684956851848,0.8364169765751576,0.7699987853241599,0.770402696884911,0.7868730595302129,0.7935776756858051,0.7923117491537153,0.7894620852216467,0.7541901125666292,0.7544543657339361,0.7701666366627612,0.7752086046188211,0.7775572885424935,0.7752465500231059,0.8550230624274913,0.855281729373867,0.8586937441116449,0.8621897356679583,0.8610118054868684,0.860480035329114,0.8635525347875956,0.8635780816150493,0.8705383858190517,0.8756988537157702,0.8814584276850564,0.8806153788489781,0.8665599101353803,0.8665771148656298,0.8775339406774311,0.8840062817347555,0.8942579931304261,0.893368878855828,0.7815821357146351,0.7815975122124,0.7920208591387394,0.792782192837636,0.7947917570933976,0.7884743849484604,0.7968171993116009,0.7969048437040311,0.8045393024917481,0.8058869840396692,0.8070678844648577,0.803913608526837,0.8531976821919783,0.8532028119788714,0.8569285688209254,0.8616730550524736,0.8628361246174504,0.8611830128653607,0.8552530794887505,0.8553034192199007,0.8625367278624916,0.8643786718647641,0.8687392192981532,0.8667989281204591,0.756187949056832,0.7563384455071878,0.7672810669673342,0.7675924824134586,0.7786675896324925,0.7778667445911788,0.7158678208898908,0.7159531110483387,0.7332127720079231,0.7354385654210434,0.7361213336777404,0.7293649186218477,0.6819172462224263,0.6824953830003135,0.6955630600430456,0.7095099016118678,0.7094866935858899,0.7035050611712188,0.8229307963362473,0.8232139457990464,0.8286096841270183,0.8308590420103412,0.8307017768045687,0.8292937103496143,0.8048242106445196,0.8048438539882681,0.8104909467512077,0.816856561191745,0.8239741123397518,0.8225760875389445,0.8124451793145516,0.8125360830224155,0.8224750853876842,0.832166336831653,0.844593020815577,0.8449196079089398,0.71487821622028,0.7150634988907025,0.7244697231372059,0.7285479696006698,0.7270766163212627,0.7174724478867693,0.7561753054543885,0.7563384007938592,0.7638828518621155,0.765587199836863,0.7661222868437879,0.7634727644688541,0.8105375655981139,0.810665685257367,0.8144933075858696,0.8177569850247836,0.8201436035117913,0.8178632402028071,0.8213769980129006,0.8216618834661819,0.829567602027822,0.8326239261792311,0.8362328239415187,0.8347345579789084,0.6949260873907407,0.6950001597375584,0.7052665011296202,0.7120581056839445,0.72117835305167,0.7184983469784834,0.6651217628541919,0.6658494585349586,0.6772074929889069,0.6816865666482561,0.6821241197019114,0.6766572035332097,0.6184931522791202,0.6193082480852263,0.6354093898210738,0.6439610677924603,0.6451364851356728,0.6419367636717166,0.7928478882757155,0.7930343665899865,0.7992463750702221,0.803668744682074,0.7996457348640972,0.7972631228777194,0.7465224026641943,0.7465354232455598,0.7510754309390368,0.7594594148657359,0.7701674695794726,0.7705588511988221,0.7584429076317591,0.75859367544257,0.771258968022096,0.7789996394448002,0.7976039891983348,0.795020812969917,0.6543699959545041,0.6547000976690865,0.6671490119952144,0.6693167609911292,0.6690528146331737,0.6631691360559004,0.720080632073929,0.720517681968138,0.7282977560878197,0.7311341038534527,0.7317683076768506,0.7285489411181852,0.7683196659779559,0.7684403299285396,0.7715588919655999,0.7776227217916576,0.7800857255345899,0.7770328840317664
38,0.9265680909872669,0.9265809463171314,0.9321510498714967,0.9338299522436002,0.9362827207127232,0.9360330409006635,0.8927816875759893,0.8928859082415443,0.8975471903520688,0.9030432693173066,0.9064671241121119,0.9055791438346148,0.836054581988302,0.8369295558255829,0.8568233512311143,0.8559527157953128,0.8584372097134791,0.8542117266342946,0.8443477497880418,0.8449619367122604,0.8562183339543172,0.8622571901281573,0.8652381254875411,0.8629266185787977,0.8993186491270624,0.8993229269238195,0.9042498878372457,0.9049236074981195,0.9057452643469036,0.9045952472778251,0.9266693008953762,0.9266772099511364,0.9321962213380173,0.9364542503058817,0.9411124504695227,0.9408269999128014,0.9232132497178482,0.9232572278744483,0.9292229388021633,0.9381609757139272,0.9426721490495105,0.942301831714414,0.8628420543532365,0.8628757277375888,0.8715798961696214,0.8747967620981127,0.8744675668157493,0.872431547785418,0.8565369052940128,0.8567758579228986,0.8642955096021286,0.865221586133536,0.867106180184896,0.8648131419993497,0.9018066441091948,0.9018457486210636,0.9062657695951707,0.9085747588641526,0.910030357524408,0.9088971483871762,0.8887372283606193,0.8887545926463967,0.8946706594709903,0.8972149167380463,0.9005852103137831,0.8992204574899434,0.8195978401030249,0.8196643849410366,0.8274233443686921,0.8327176199538041,0.8378457696732513,0.8364169767839572,0.7699987851561458,0.7700955147979353,0.7903788591015674,0.7902607731016049,0.7942496528560568,0.7876651528684444,0.7541901121573623,0.7547594381537189,0.7748450284648293,0.7762867147552298,0.7781608655576793,0.7747751698815216,0.8550230624274383,0.8551952714254246,0.8602815825291728,0.8619824384706694,0.8619609354845005,0.8612191977987395,0.8635525337327012,0.8636988661652971,0.8724678050012216,0.8745917251512039,0.882293206556782,0.8818570255381262,0.8665599109405471,0.8666281174952406,0.8721450039698787,0.8841729062435536,0.8948751952406189,0.8934848274896945,0.7815821357226592,0.7817316414131376,0.7909952534132344,0.7933004358959941,0.793142080469901,0.7903221684596472,0.7968171993121966,0.7969319173300854,0.80409157138152,0.8063771135263932,0.8069760898086042,0.805205505276362,0.85319768219191,0.853210524536028,0.8592722818681411,0.8601650212618709,0.8627322763081846,0.8615148053494416,0.8552530797315148,0.8552560339820873,0.8603091950760181,0.8644406507922279,0.8676913849175013,0.867943452713936,0.756187949056965,0.7565018477198329,0.7652694880480863,0.7717441568140866,0.7769365717854861,0.7768677797623816,0.7158678208909097,0.7160729554407761,0.7284553685823263,0.7376400255188358,0.7376235377200806,0.7304680166653397,0.681917244732513,0.6824942678796462,0.6978541362096174,0.7056201440622334,0.7088904765745185,0.7036689105521738,0.8229307996044727,0.8231043986953519,0.82877081746701,0.8316226201038928,0.8265508406123632,0.8266801395771644,0.804824210648634,0.8051264676713252,0.812714933684612,0.8169732809415969,0.8225386726866694,0.823616314721312,0.8124451796007516,0.8131598633837458,0.8230286585678812,0.8324687354002114,0.8473261464820396,0.8465603069104145,0.714878216265415,0.7150700993389679,0.7238310841535793,0.7261678454000406,0.7258394635973769,0.721461480848685,0.7561753076638766,0.756558232841892,0.7635843819087045,0.7659530615249521,0.7653746165285469,0.7615698907268341,0.8105375658185537,0.8105467256147394,0.8140780688999351,0.8189907969445871,0.8206517592831478,0.8185979253507987,0.8213769983195531,0.8214988364126049,0.8296325821363377,0.8321727656904809,0.8360765774616357,0.8356517109430118,0.6949261056613224,0.6953838068404368,0.7032936283524348,0.7092693628252627,0.7208241252788493,0.719267408827885,0.6651217628541914,0.6651447795471392,0.6771782809110806,0.6843391160270706,0.6810121027527896,0.678641714712342,0.6184931523168322,0.6203550704292844,0.6379764869124633,0.6450206034407713,0.6460319126995508,0.6407564691910346,0.7928478882558404,0.7930104827536878,0.7988125892229211,0.8033853951033072,0.8030214106997056,0.7988863419462402,0.7465224030488086,0.7465347439221411,0.7555958262839985,0.7610360669171764,0.7705192388482666,0.7703279092663977,0.758442907396881,0.7586113133850472,0.7772015904586327,0.782702807490963,0.7988606147338815,0.79824055748792,0.6543699955353444,0.6543836046796332,0.6668928994268749,0.6659855408641665,0.668092271549426,0.6636826390434345,0.7200806320360364,0.7209211403830449,0.72897100287977,0.7306877484357168,0.7314573424660269,0.7281498675013036,0.76831966597796,0.7683483557654359,0.7745266588047544,0.7771846972822638,0.7791287600115553,0.777610594442425
39,0.9265680906307576,0.9265952871337093,0.9319250567795689,0.9339874126101027,0.9363715947355713,0.9356519087119542,0.8927816875759917,0.8927856730984093,0.900505910056391,0.9027568012793605,0.9061995984968519,0.9050169721066287,0.8360545823801653,0.8361110585608104,0.8583946869383774,0.8558407231396825,0.8577994468422891,0.8552102759061637,0.8443477465940687,0.8444362952898627,0.8539877531596768,0.863200238577735,0.8648126512900636,0.8618369095317872,0.8993186491284433,0.8993584460124827,0.9028992621741503,0.9046834747935092,0.9049136316854361,0.902501523798583,0.9266693016987851,0.9266809927471422,0.9338021981370784,0.9354776770949905,0.9410471112978915,0.9410155957548202,0.9232132497174933,0.9232310120375783,0.9312433254057325,0.9382613414158555,0.9427773256467631,0.9416656302774226,0.8628420543769456,0.8629040706695574,0.8718932962148322,0.8740672843630519,0.8747851696479624,0.8733561837706726,0.8565369052922345,0.8565798857377774,0.8624377143237401,0.8653694599017486,0.8665159685862673,0.8642241243600108,0.9018066441173215,0.9018109257655788,0.9064738863997776,0.9083987530720249,0.9094347595644765,0.9086169061622325,0.8887372283611251,0.8887392457505162,0.8939331665822958,0.8973404934033617,0.9007597057730531,0.8992698837116474,0.8195978400147311,0.81972570147442,0.8258272518461733,0.8329747778269683,0.8382268085046662,0.8362122389667119,0.7699987851563793,0.7702737558828625,0.7906140110029629,0.794733690329857,0.7926320577464557,0.7851370848371753,0.7541901121572403,0.7555019746025813,0.7713995062349892,0.7769165728689094,0.777316234931963,0.772386278966077,0.8550230624268291,0.8552980376855702,0.8594638364768618,0.8620712210385384,0.8623079180470291,0.8607486127994382,0.8635525337288121,0.8635564833352309,0.8717366545515642,0.8759869800545139,0.8824623517909023,0.8803240322026907,0.8665599101354062,0.8665778039020249,0.8762975779190254,0.8855399019698126,0.8962642787349656,0.8937810809577391,0.7815821358124498,0.7816315180500226,0.7892851455803913,0.7941996369845722,0.791980608140916,0.791341685737064,0.7968172046740631,0.7974233919157949,0.8022491896212203,0.8053413029539667,0.806773245014499,0.8044377333839767,0.8531976822076677,0.8532813870615615,0.8584424503421072,0.8610801410698812,0.8622146245711184,0.8612551382458544,0.855253079508651,0.8554077275394409,0.8600599817663441,0.8646465238878784,0.8680913830363831,0.8675251405632406,0.7561879490599248,0.7562246071199696,0.7655780054712711,0.7709777500953081,0.7778847501164197,0.7761219639597643,0.715867820882016,0.7159885706971931,0.7284566302543527,0.7372499473892031,0.7349250552579365,0.729735847259767,0.6819172447304411,0.6836842019308531,0.6985874988440968,0.7056581061712566,0.7077796454620652,0.7042810051825409,0.8229307963362915,0.8233490355413046,0.826494943716227,0.8307483411322567,0.8302907167044615,0.8283504066299128,0.8048242106489767,0.8048356355689383,0.8106007246286636,0.8187889715484916,0.8248950386305867,0.8243086824263334,0.8124451793179759,0.8124879390322985,0.8259451734827506,0.8304727574730125,0.8463610706406857,0.8460250098299849,0.714878216234901,0.7150557169817742,0.7243387275715483,0.727361382752298,0.7248153581714433,0.7205045607994027,0.7561753099725048,0.7562680492956229,0.764710014092513,0.7649651890901175,0.7646398936770838,0.7618952924571634,0.8105375655981121,0.8105954450907326,0.816658869796612,0.8183160580524285,0.8204007346602851,0.8187630651996846,0.8213769980128894,0.8214712315626093,0.8286472342741233,0.8332893905927685,0.8362907679698939,0.8348189102320152,0.6949260873907999,0.6950769506296643,0.7066303136514311,0.7121671235787312,0.7219945025742295,0.7198223184919419,0.6651217628760173,0.6651840036517345,0.6789165030189317,0.6858703410689557,0.6827277826586362,0.6713226819603888,0.6184931666524974,0.6214428782670003,0.6387207500483931,0.6426836160495402,0.6481869400024354,0.6421068159470622,0.7928478882562912,0.79391308675271,0.79971491276792,0.8024330921612886,0.8021414773731441,0.7983495137603746,0.7465224026761615,0.7466532960498531,0.7517745608479576,0.7604403837242841,0.7690351863819911,0.7693316257845044,0.7584429073971213,0.759268587857786,0.7719266561297926,0.7877528763316449,0.7984498827280607,0.7963308449825867,0.6543699955349744,0.6544709811743812,0.6662999607070642,0.6670031458429094,0.664926150288861,0.6653021262671508,0.7200806320534954,0.7202152515831188,0.7304840252297368,0.7319441457463169,0.7316848109802003,0.7273567299893425,0.7683196659895525,0.7684570343466103,0.7732096163713227,0.7777935911058054,0.7812340601974084,0.7766037221050277
40,0.9265680906410703,0.9266037985150549,0.9308548404139185,0.9346358419184908,0.9368773468585752,0.9359742625594303,0.89278168763348,0.892793017689483,0.8990122616531939,0.9033974457301468,0.9058276798666456,0.9052820028058661,0.8360545819895879,0.8361408813732933,0.8536953173423831,0.8576939751658832,0.8587219698624626,0.8550039773467681,0.8443477476478037,0.8444616275432738,0.8587697423442774,0.860027578807061,0.8645924825276718,0.8622964723039961,0.8993186491509948,0.8993668488090935,0.9027263085316717,0.9052592563825246,0.9041241461293772,0.9041888388247639,0.9266693008714832,0.9266823723930533,0.9328433806894548,0.9359507689519894,0.9403439902656048,0.9405153283182833,0.9232132497986356,0.9233458241470502,0.9307157239119089,0.9374047142395694,0.9429882352120716,0.9404990011593118,0.8628420543517366,0.8628995310356086,0.8708694874836733,0.8736175951637802,0.8750168549274021,0.8712653095653413,0.8565369052923085,0.8565871798102819,0.8627185408392067,0.8657248517344703,0.8670648520842975,0.8649320988141939,0.9018066441091993,0.9018087525120481,0.9055249075892963,0.9076403962506552,0.9095450899810761,0.9093509569089187,0.8887372283576923,0.8887444568823264,0.8928967684190593,0.8965656538903545,0.9007491799063584,0.8989361007260777,0.8195978400247592,0.8196266617632624,0.8281298984934162,0.8316486539908146,0.8385677336475724,0.8370000501306141,0.7699987851708647,0.7705707984305865,0.7808623376480122,0.7931581558206312,0.790835857998121,0.7903722166265238,0.7541901121573004,0.7553112522336694,0.7722967161844094,0.7750740998062511,0.7768529415281593,0.774051976440399,0.8550230624344272,0.8551466321650534,0.8590544129858113,0.8621605436104991,0.8624320728874248,0.8608674368781445,0.8635525337288151,0.8635619338723797,0.8691555500963309,0.8762878491319369,0.8817343633379168,0.8804048963037714,0.8665599101353643,0.8665830711008222,0.8793809485502248,0.8871487720772796,0.8947144941023623,0.8953172799445084,0.781582135713121,0.7824826756960107,0.7906295540436266,0.7915944711459787,0.7927236620102077,0.791184692250324,0.7968171993645704,0.7969184946404989,0.8046988031054474,0.8058002842766143,0.8063006956107297,0.8038972548691443,0.8531976821919101,0.8532564930178523,0.8597981967434256,0.8606997604708837,0.8624375637976318,0.8613793742911148,0.8552530794878572,0.8553578859748769,0.863523751006653,0.8650808251569536,0.8676446741865721,0.8663719992799314,0.7561879490953007,0.7561970643127842,0.765632158304656,0.7691657966603305,0.7778705675963496,0.7760361482819449,0.7158678209084643,0.7160616905433922,0.7315884776437271,0.735000563742666,0.7333899816806321,0.7307545340427688,0.6819172527962534,0.6829915547724703,0.6974598400939793,0.7052197981222715,0.7085863500576202,0.7044664068914452,0.822930796336242,0.8234207657863734,0.8283944699857333,0.8311166205916232,0.8298713485429607,0.8298870828034877,0.8048242106992276,0.8048413987983501,0.8131408477310031,0.8162492850522627,0.8236530633018543,0.8250052583958458,0.8124451793194902,0.8125651873053755,0.8234864151534003,0.8303228005314276,0.846354252643602,0.8453100040621578,0.7148782163025658,0.7149190674846525,0.7217773468080743,0.7271998322299109,0.7259625285892544,0.7204461371770299,0.7561753054549479,0.7564237250287063,0.7626546203193398,0.7660263970610782,0.7655324464774227,0.7637998028480549,0.8105375656014133,0.8106052251133253,0.8172252965983182,0.8186617259961455,0.8208606364041948,0.8191553913080007,0.821376998012904,0.8214262455507989,0.827385830360111,0.8325743949671882,0.8368045143768527,0.8353221542642635,0.6949260873907545,0.6949579846755001,0.7047940194310924,0.7107444660441564,0.7193951420753303,0.7181538779750519,0.665121762856688,0.665142989893097,0.6798147778214576,0.6820879055695324,0.6837074599722048,0.6737429499042421,0.6184931522791175,0.6203851863050598,0.6388561522974711,0.6425933814767562,0.6451067995582791,0.6399476551466634,0.7928478882558401,0.7933009755678809,0.7985180644261011,0.8028877814716147,0.8017422589326364,0.8004588806309361,0.746522402876745,0.7465680410877704,0.7514997537585639,0.7584451952298038,0.769217483583862,0.7701532898675276,0.7584429073984508,0.7586639327382101,0.7682443352737024,0.7842864226550098,0.7989867741167492,0.797159401868113,0.6543699968085399,0.6547256543361268,0.6656608580300151,0.6690592873542578,0.6683072950089116,0.6620919138301419,0.720080632100861,0.7202256399812865,0.7277697375391686,0.7312851877813729,0.7317149204652116,0.7293771008488276,0.768319665978319,0.7683881747002066,0.7770073452765981,0.7774497302891125,0.780419718825633,0.7782247628654149
41,0.926568090630829,0.9266489531988016,0.9317726915640118,0.93423369129426,0.9362401387684887,0.9353482488664829,0.8927816875759895,0.8927910266719822,0.8987351383359442,0.9034117106380722,0.9063026431785156,0.9055234531198076,0.8360545825299371,0.8362764357404331,0.8537158389522477,0.8558951381682363,0.8587359652721283,0.8566520286629323,0.8443477465781066,0.8443834354428057,0.8588086227574574,0.862906670405374,0.8647028781734329,0.8622845111940696,0.8993186491318724,0.8993320868049552,0.902940968665947,0.9048377457341625,0.9054101829876653,0.9055550784780733,0.9266693008755074,0.9266806925634884,0.931224792564545,0.9359468161277601,0.9410653813879449,0.939750266715697,0.9232132497269202,0.9232520635906968,0.9361677333628348,0.9367120276241415,0.9424533169577719,0.9422386186796294,0.8628420587167194,0.8628445065305055,0.8696801994912676,0.8750117864236038,0.8759103489566461,0.8725659292214891,0.856536905293136,0.8565466558346272,0.8624487330812617,0.8654939514652582,0.8664607750980317,0.8646320730750012,0.9018066441294558,0.9018458141729627,0.9075392191836691,0.9084596804133491,0.909680753604907,0.9091585774947212,0.8887372283607983,0.8887504205978557,0.8934294516634734,0.8974244040269987,0.9005699810029876,0.8990970581902052,0.8195978400268527,0.8196450494498024,0.8293353725622385,0.832655047948764,0.8381055312157255,0.8364914137082866,0.7699987851830995,0.7700281262944165,0.7896964531491292,0.7926812938217929,0.7920886061494645,0.7847044200097726,0.7541901121572605,0.754208679236955,0.771590112880323,0.7766610053362563,0.777605557058344,0.7744437337057786,0.8550230625667892,0.8550435784050023,0.8620668398117739,0.8623423692166481,0.8630406200616119,0.8604516982099657,0.8635525337612663,0.8635983349025003,0.87242297300635,0.8745574600507178,0.881053683239893,0.880887715624348,0.86655991013536,0.866573981618441,0.8744711860303804,0.885710085291509,0.8946324251787813,0.8933818391316399,0.7815821357279235,0.7816900302785816,0.7919838051769601,0.7928903192604123,0.7926432913130698,0.7895758782391957,0.7968172006437803,0.79689434473008,0.8051143132205175,0.8051397020330096,0.8067701314206644,0.8041075312392527,0.8531976821936353,0.853201735245273,0.8593373922098619,0.8607702568372584,0.8628971915087794,0.8621005215812968,0.8552530794878567,0.8555099786793676,0.8615732967258449,0.865197743917837,0.8673455006067525,0.8670484649634649,0.7561879490568509,0.7562133821403093,0.7643449368827127,0.7698825228413828,0.7779299297119002,0.775477158977307,0.7158678209881155,0.7160338985245516,0.7325620042854246,0.7350805232301509,0.7374188486565757,0.7330622466327362,0.6819172447312868,0.6819252571356853,0.70185434618946,0.705094931663419,0.7078891605008741,0.7054833302224215,0.8229307963378756,0.8241398978511427,0.828047260088885,0.8313835758025323,0.8294728737256929,0.821909709439486,0.8048242106486277,0.8048272327437264,0.8127350887096093,0.815758371516689,0.8249674248964762,0.8235806829456602,0.8124451793149573,0.812459038917796,0.823490010096857,0.8337678633376004,0.846049014812539,0.8457611690772986,0.7148782162325811,0.7148790245259476,0.7230114828632878,0.726657710083221,0.7272892949566796,0.7219003627741958,0.7561753054820031,0.7567352538512897,0.7647330330659919,0.7657883759390871,0.7660863867693717,0.7629460365374422,0.8105375655982169,0.8105585902023722,0.8148756473031674,0.8185210496120329,0.8204990326719415,0.8190717733445301,0.8213769980129421,0.8214522842990427,0.8306541909057493,0.8322530899252645,0.836927357882198,0.8354147609515452,0.6949260873917176,0.6949620507918872,0.7020819598991537,0.7115580944308892,0.7208637168004308,0.7178701630499071,0.6651217628543793,0.6659988430431889,0.6805054578174927,0.6816931958009047,0.6810319210998718,0.676235181491281,0.6184931523405997,0.6190870543157809,0.6388175603756823,0.6432132151747411,0.6454089640602374,0.6408379407456026,0.7928478884275407,0.7940416551011393,0.8000375503537014,0.8029369104655684,0.8007236691707831,0.8002360214818236,0.7465224026590729,0.7465269006835028,0.7509422017391097,0.7601531383068414,0.7704539988107464,0.7689515987316883,0.7584429073972737,0.7584643441615375,0.7707039010956919,0.7830737468748173,0.7987364049899044,0.7975191241393534,0.6543699955349769,0.6546463897283478,0.663923464838176,0.6697282828621769,0.6679587750228251,0.6604922958117592,0.7200806320354076,0.7212029829051019,0.728353789372512,0.73190774678626,0.7319639593204024,0.7290746898328817,0.7683196659780075,0.7684094819796461,0.7745522937588966,0.7765871999019964,0.781220566764875,0.7773888437593396
42,0.9265680906307708,0.92657818544724,0.9312994684635442,0.9351086838343552,0.9361048889312125,0.9356524945913747,0.8927816875884236,0.8928305004801922,0.9005725537842301,0.9034581699285816,0.9062972260159338,0.9047417741137107,0.8360545821725345,0.8365940281610199,0.8510830498333968,0.8573893282112326,0.8593900668522653,0.8562511563208804,0.8443477465780951,0.8444466639678179,0.8589023735276571,0.8630311900624239,0.8639136669457295,0.8620543646926625,0.8993186491278333,0.899323399126273,0.9037705637937541,0.9034324454810609,0.9062154601540711,0.904564885128396,0.9266693008716692,0.9266904449170331,0.9317903786860493,0.9374360895051446,0.9414591512545271,0.9412582894112892,0.9232132497161842,0.9232263960163721,0.9329374740916745,0.9379696347403561,0.9431656076323834,0.9416400350994066,0.8628420677979833,0.8628572154865182,0.871225293600001,0.8725013865950751,0.8758769105096633,0.8730141784500788,0.8565369052935655,0.8565769133890793,0.8640211339861485,0.8654407910072144,0.8673217664976485,0.8656252969034648,0.9018066441093502,0.9018301807613855,0.9076375440364082,0.9081250238145949,0.9098088591356064,0.908657356534003,0.8887372283574634,0.8887772283933478,0.8953653968310514,0.8971900052114122,0.9007128263845078,0.8986652759139044,0.8195978400146782,0.8196662176678977,0.8264503491041076,0.8322887532416171,0.8373160295146673,0.8371714587404704,0.7699987851718463,0.7703241899694504,0.785945400056523,0.7923617935041003,0.7925755235399713,0.7862230490643416,0.7541901121572561,0.7543742096489079,0.7697764359498223,0.7781929973359336,0.7761333219367001,0.7738477914291959,0.8550230624404118,0.8550932070670101,0.8603703439463107,0.8628375773040318,0.8619940706435598,0.858272838667939,0.8635525337295036,0.863674503959249,0.8691654882706678,0.8769863435775014,0.8820644141466157,0.8811218534981117,0.866559910135379,0.8666638112715098,0.8757357205920728,0.8857503974392584,0.8939955777690173,0.893999953518693,0.7815821357145414,0.7816320150204061,0.7903169229122416,0.7930950144626296,0.7914348526370375,0.7900245891333133,0.7968172257009982,0.7971872720509432,0.8032143829625891,0.8049761986906209,0.8072009539794373,0.8047368281720354,0.8531976821944185,0.8532873078101217,0.8583587713397206,0.8604914070321725,0.8624386583227434,0.8615156495794795,0.8552530794927398,0.8553349930913582,0.8603819016124996,0.8649907829248523,0.8679871219350627,0.8666263132675942,0.7561879490580904,0.7561917990064323,0.762689191087954,0.7708270053996071,0.7785912270105907,0.7774475310709633,0.7158678208899496,0.7163324713103577,0.7329479577265671,0.7374675076708268,0.7330099255573361,0.7326067837361312,0.6819172447304245,0.6830567787577957,0.6995847486808277,0.7068843633086231,0.7070288684240664,0.702920550142426,0.8229307963362488,0.8236370822465073,0.829980632677889,0.8307594972898388,0.826919836878784,0.8282595961291175,0.8048242106516277,0.8048705060704743,0.8110462714398559,0.8172433496874801,0.8259073158077666,0.8264572286646711,0.8124451793147446,0.8124765923270866,0.82337264412993,0.8351506912289317,0.847795639199143,0.8468189545007486,0.7148782261388789,0.7156467517888372,0.7251944432909094,0.7260361092018055,0.7251212134020785,0.7205794018464846,0.7561753054666551,0.7563596510496884,0.7641346160131582,0.7653590174140336,0.7653791982702756,0.7634994209702644,0.8105375656085128,0.8105757028577261,0.8158758702788498,0.8179840619921656,0.821570608646007,0.8178665503939629,0.8213769980135135,0.8218299509803154,0.8291000324945405,0.8321048726760168,0.8359552745301303,0.8354509613321669,0.6949260873908483,0.6952964632710912,0.7061206847763659,0.7127884429360243,0.720150714178144,0.7192706858151099,0.6651217628541917,0.6651253158137005,0.6739474568483164,0.6837726003600992,0.6761427453565645,0.6758118832400346,0.6184931523123561,0.6190940491571374,0.6386136344856103,0.6427415726533958,0.6455717308392119,0.6419051006456391,0.7928478882558401,0.792941975318925,0.8010219198408368,0.8015679521909322,0.8007030329365478,0.798630272968587,0.7465224026592694,0.7465265062656561,0.7542162253802365,0.7615681161053371,0.769569205195257,0.7697639330488266,0.7584429077099503,0.7590334813613715,0.7704171550537366,0.7811190077259369,0.7983539243872326,0.7967254147838798,0.6543699955674529,0.6606161793331145,0.6661292974691115,0.6673209610442083,0.6661737254228993,0.6610882213076336,0.7200806320385387,0.7207411975949186,0.7301956339094792,0.7313329115622711,0.7311144540659364,0.7290808112332366,0.768319669305227,0.7683619739605891,0.7743263981304281,0.7781353632986042,0.7794581912763763,0.7778436264844608
43,0.9265680906307704,0.9265906951271471,0.9289504139945582,0.9339967429087268,0.9366086775277341,0.9362513647697241,0.8927816875767252,0.8928217748592983,0.8993799416269048,0.9033444726100716,0.9066196101865184,0.905312623304583,0.8360545819899226,0.8368579198034024,0.8541443463523912,0.8569785278822303,0.8592571146082709,0.856830604800715,0.8443477465936553,0.8443823719828119,0.8601816945091701,0.8644760109839293,0.8639364930696836,0.8618933137640112,0.8993186491270383,0.899419844777865,0.9041329518685088,0.9049528155438836,0.9051793979720132,0.9040724297372966,0.9266693008714919,0.9266756539037694,0.9321663356187097,0.9370554133823463,0.9410851782624156,0.9402002712085566,0.9232132497161801,0.923571869410985,0.9335032615856206,0.9368738386341505,0.943234314035697,0.9411983057054318,0.8628420544928362,0.8629009162529171,0.8694594539117096,0.87294059053667,0.8748334549758057,0.8744983788421551,0.8565369052945209,0.8569526209415818,0.8641948989956536,0.8649393305247001,0.8671246096988326,0.865219889979924,0.901806644109198,0.9018964915725206,0.9055142908791142,0.9084377970585217,0.9102258231977267,0.9089290510811625,0.8887372283574635,0.8887727289664314,0.8946859856811625,0.8970535125501429,0.9007533944507665,0.8997288164334495,0.8195978400515929,0.8196468489037108,0.8277809010759272,0.8324190531953295,0.8377771372078914,0.8367388214909437,0.7699987926188168,0.7701396782344888,0.788962397270089,0.7931900960440983,0.7933275096659125,0.7880835565254727,0.7541901126673786,0.7543575197819543,0.7744895510982616,0.7777246294057774,0.7779634795285972,0.7757954204913957,0.8550230628284592,0.855537612656865,0.8608222581678576,0.8619576489136591,0.8615175994567869,0.8572751596375188,0.8635525337349946,0.8635661015334554,0.8706842161853088,0.8766950748908374,0.8821561188865188,0.880566479845656,0.8665599101363174,0.8666967880977101,0.874066056447239,0.8845925177296257,0.8942278780896791,0.8929724524209346,0.7815821357152803,0.7816634709231473,0.7919825716547675,0.7930315053856297,0.7915012058495702,0.7892962073104379,0.7968171993994362,0.7971535086540712,0.8024023341599553,0.8059632659928231,0.8071922328626466,0.8048921134628836,0.8531976822022478,0.8532404621706259,0.8585535005889787,0.8608811975029271,0.8619485196344934,0.8613415244978535,0.8552530794905702,0.8555823115482768,0.8596084018422406,0.8646278928432929,0.8685592736647889,0.867560821251076,0.7561879490569798,0.7563245742320214,0.7658208856099513,0.7705983199745461,0.7768410758591398,0.7764981106388322,0.7158678209302458,0.7163911211234282,0.7336841487184738,0.7361351082563579,0.7389193841492985,0.7319392643438483,0.6819172472178738,0.6844098967843362,0.6971950809828611,0.7061637282170354,0.7082316855767065,0.7023446332057282,0.8229307963364283,0.8229629990506017,0.8301130373904503,0.8304352482985334,0.8297736073148079,0.8294381898466557,0.8048242106486582,0.8048646654428563,0.8100932593013137,0.8179602030617038,0.824197112780137,0.8239832730444838,0.812445179312739,0.8125302990817855,0.8231510302837084,0.8326994011775655,0.8469306464539037,0.8455989241954303,0.7148782164586087,0.7157068450015998,0.7224569975955546,0.7244904233624844,0.7264879283121203,0.7198060519400271,0.7561753054544484,0.7562215699345216,0.7637004426236228,0.7651342657567914,0.7659798620181609,0.7632874326468951,0.8105375655981948,0.8105987860853745,0.8156939244533636,0.8184662799891176,0.8202323674102361,0.8187696291905994,0.8213769980130518,0.8226587487620958,0.8292445492319988,0.8320876962654423,0.8352367767334279,0.8348282977699631,0.6949260873907657,0.6950489193814475,0.7043826687753163,0.7141620285938617,0.7213723612107358,0.7182860763810175,0.6651217628631544,0.6652032487905541,0.6779688480447941,0.6817544423115667,0.6801899630389239,0.6762886190678763,0.618493152281811,0.6189512299157258,0.6372473484041434,0.644559961687381,0.6456888423696747,0.6417425539107374,0.7928478886746413,0.7936000626493379,0.7997004854604964,0.8021712610372985,0.8019425390928041,0.8008688094735694,0.7465224026602041,0.7465410607209986,0.754610543829648,0.7621045166397481,0.770093496895341,0.7707117774220698,0.7584429073968812,0.7584661852160177,0.7671670053704589,0.7807966309868405,0.8000303221597738,0.7977052608169193,0.6543699970422217,0.6548211324922653,0.665753698499336,0.6682553615576141,0.6681209070084558,0.6601612406803326,0.720080632203896,0.7216574585598285,0.7280461683866759,0.7309290035220017,0.7319858274464733,0.7280541953086526,0.7683196659781504,0.7683743177405556,0.7749071101592713,0.7762863745864694,0.7799487960997381,0.776888226024101
44,0.9265680906338849,0.9266445454796026,0.9322946029313062,0.9339954726558527,0.9360381503849857,0.935688626206952,0.8927816875803487,0.8928143847430711,0.899154293190203,0.9029049415997422,0.9066616463557265,0.9044445295600454,0.8360545820306443,0.8365017553282423,0.8548329983550869,0.855131568757409,0.8591677461292038,0.8548678822603623,0.8443477465780291,0.844428293385193,0.8571853841094281,0.8635027496048889,0.8644086773739794,0.8620299058892956,0.8993186491282247,0.8993303143542579,0.9032756201812031,0.9054934906362061,0.9045945933484649,0.9042627045474517,0.9266693008865182,0.9266885338721517,0.9301632655704578,0.9369246731773785,0.9407319681830094,0.9403512001255984,0.9232132497162491,0.9232609440581816,0.9306819076255953,0.9378338317687308,0.9428046729800164,0.942368519378001,0.8628420543572284,0.8629170679391192,0.8678023774485971,0.873948409729553,0.87412424132004,0.8742437394256585,0.8565369052923081,0.8565871258863003,0.8629029340645351,0.8661234167892333,0.8667704734852016,0.865350578509878,0.901806644109195,0.9018256726037899,0.9063704090567996,0.907974263436732,0.9098505213033399,0.9088463563023699,0.8887372283581269,0.8888006083883218,0.8950312365872586,0.8967409713841297,0.9001414646227958,0.8987690862443065,0.8195978400205275,0.8196404946805158,0.828408378429206,0.8327972546131479,0.8369453876300798,0.8370741729526285,0.7699987851559111,0.7703886223673425,0.7892076403658079,0.7916655169937653,0.7943104912326746,0.787947712502623,0.7541901121606283,0.754509444160467,0.7700109844686363,0.7758573004029186,0.7777093134193839,0.7749678335216023,0.8550230624268143,0.8551062360591034,0.8599968132480897,0.8608730746955113,0.8628196845778902,0.8594952321327707,0.863552533728795,0.8635560922482991,0.8697184338481775,0.8771147570642672,0.881189891314029,0.8820093706694834,0.8665599101353637,0.8665843117988914,0.8740677997394188,0.8842557299559338,0.89498805338372,0.8946754212734811,0.7815821357643165,0.7818556594817733,0.7885344182397583,0.7925396424849401,0.7909637746948884,0.7875039164857481,0.7968171993115811,0.7970665071349324,0.8041052640114332,0.806040391402512,0.806022555510867,0.8040707624554212,0.8531976823119094,0.8532247072357129,0.8574908230250171,0.8608111404125791,0.8627276271686855,0.860818226018268,0.8552530794878985,0.8553001408531002,0.8613793201770606,0.8659016644191893,0.867695061548536,0.8676497578949873,0.7561879490704767,0.7562403897506367,0.7646536457072811,0.7713425267131819,0.7778383002408304,0.7766554348311427,0.7158678208928477,0.7158339762633275,0.7281707528500199,0.7356215131112789,0.7323132199997011,0.7292861153111535,0.6819172449648029,0.6824665189402216,0.700605488364477,0.7053457613662327,0.7089512484094662,0.705211839810432,0.8229307963462943,0.823131940370777,0.8280907614053153,0.8310042201572949,0.8305570928221384,0.8272431366042141,0.8048242106565608,0.8048301802802345,0.8138887321494561,0.8159521404921066,0.824826908700224,0.8243939637894694,0.8124451793483142,0.8124660833359778,0.8237594563810995,0.8327632682979623,0.8484307512092529,0.8472649815400085,0.7148782162202016,0.7151241269546031,0.7243954054620532,0.7290346508087961,0.7254572604003375,0.7215287074090293,0.7561753054543914,0.7562262739421802,0.7636941062550002,0.7652590024954851,0.7666803170312599,0.7642400527117947,0.8105375655981228,0.8106611251531602,0.8170607069485215,0.8187074183000487,0.820608038938226,0.8186863612427734,0.8213769980128871,0.8217256571090675,0.8285192412451663,0.8319262977031836,0.8366401073063605,0.8340681157875504,0.6949260947706846,0.695144513088426,0.7046013059269262,0.7101494650823059,0.7204591510374914,0.7172100713628875,0.6651217628542299,0.6652064892808175,0.67873176909708,0.6835000826918916,0.6817392999293281,0.6712497385777902,0.6184931522800752,0.6202561536980512,0.6379323716087532,0.6428312103835339,0.6462676324969255,0.6401538169205927,0.7928478887280821,0.7929040748186212,0.7989121268181215,0.8017644730802361,0.8016071110898043,0.8006099129849044,0.7465224029385507,0.7465579265906697,0.7540100261799193,0.7604067521767495,0.7693895329586916,0.771988917858217,0.7584429093517009,0.7587589551779395,0.7735972317681942,0.7822432428575027,0.7984444194545097,0.7966614133595853,0.6543699955351622,0.6546570418115779,0.6653184929592211,0.6652370056348287,0.6678894578403023,0.661510365045382,0.7200806326728268,0.724555458998055,0.729293536807339,0.7311725684467727,0.7312822508934143,0.7279902934949782,0.7683196659779579,0.7684885277861684,0.7748253594625978,0.7772250360655357,0.7803666441057718,0.7774139088496272
45,0.9265680906308277,0.926569718007289,0.9326842362439841,0.9342870532494624,0.9366079599592985,0.9358757961106103,0.8927816875759893,0.8927854290075696,0.89859990095234,0.9033603757512116,0.9063597048291305,0.9055379260310061,0.8360546151808974,0.836120870673922,0.8533813345146952,0.8572413626868023,0.858717362827442,0.8547696706175316,0.8443477465781081,0.8444688349606615,0.856480550291332,0.8627987746574582,0.8643472914238995,0.863018026090824,0.899318649672727,0.8993301640468423,0.9019090533976035,0.9040342370071213,0.9040558335659619,0.9052689916314508,0.9266693008714793,0.9267611227764937,0.9329841979780382,0.9372121222860943,0.9407129229876249,0.9411428624956618,0.9232132497181853,0.9232475909275947,0.9308815898020405,0.9376027351911072,0.942951428810293,0.9417312923807855,0.8628420543522133,0.8628444767811284,0.8714609142647758,0.8742637765461051,0.8755060558186367,0.8720344957842312,0.8565369052954217,0.8566847826994807,0.8636230139713298,0.8648052097009059,0.8668276767917069,0.8657986456620594,0.901806644204239,0.9018210108807259,0.9072380297500844,0.9086342130315952,0.9101587332202069,0.9083002550487463,0.8887372283574635,0.8887384836725332,0.894649400925278,0.8972714337459267,0.9006769751641708,0.8992392650098787,0.8195978400147028,0.8196739297100311,0.8282068027803438,0.8307586525786697,0.836974272074114,0.8363323209627349,0.7699987851559098,0.770131276759314,0.7903603917114603,0.792107041454907,0.7958071850567994,0.7890922568721886,0.7541901121695327,0.754217959742137,0.7702120004472632,0.7773286163606942,0.7772559332593967,0.7748862499509249,0.8550230624283036,0.8550648706308508,0.8604518804966957,0.8619330332825552,0.8618045785553702,0.8595670559831315,0.863552533732082,0.8635782455585428,0.8706218505030267,0.877619309000882,0.8813051723103089,0.8810685999548192,0.8665599101384266,0.8666422809537375,0.8760414042858086,0.8852789688413608,0.8944636466175766,0.8943156732702069,0.7815821371160676,0.7817684341319707,0.7928078851966835,0.7903175210426973,0.794684105191637,0.7874034606614888,0.7968171993162985,0.7970450673937994,0.8035080103292878,0.805992183988217,0.8071742003280924,0.8038146187552966,0.8531976821919098,0.853231334345355,0.8580598232686805,0.861501792302388,0.862588720864219,0.8608373131376207,0.8552530794879127,0.8553475183367708,0.859315985332603,0.8650273381286077,0.8682562489968659,0.8671239908497895,0.7561879490568636,0.756298861823562,0.7672694910594522,0.7705308391606178,0.7787332837023466,0.7776160284311144,0.7158678216063533,0.71593391481312,0.7346279192764911,0.7353063350649629,0.7366832553219722,0.728460507863003,0.681917244741565,0.6854839990716419,0.6983200247737058,0.7065241420447907,0.7072619766675792,0.7007217374614625,0.8229307963394666,0.823038373403115,0.8280053723394117,0.8297603757873051,0.8308514830059132,0.8280634250465496,0.8048242106839776,0.8049095159161023,0.8149854219917867,0.8167446511591905,0.8235322095933217,0.8231416212337463,0.812445179580135,0.8124853885480683,0.824293955973028,0.83292805643771,0.8477224356850959,0.8445498221684195,0.7148782162244535,0.7152058234043615,0.7234969526281023,0.7256916355930476,0.7276299843188471,0.7218936638945517,0.7561753054719309,0.7562480244451228,0.7640343433720405,0.7655382943543927,0.7665646365734594,0.7645027953717919,0.8105375655986822,0.8106503075646945,0.8148855809908753,0.8184696965173891,0.8200810045786822,0.8179150622421565,0.8213769980234498,0.8214339504725301,0.8299431316336229,0.8318553161054947,0.8361862016270022,0.8358242474975459,0.694926087459282,0.6950451450947581,0.7037699061180409,0.7109156137097397,0.719998784744782,0.7184390937844302,0.6651217635597622,0.6652794498139338,0.6794951007044425,0.68078578949226,0.6789065689769984,0.6742997800908007,0.6184931576926709,0.6210249963557078,0.6383509134180243,0.6444183037333924,0.6452673876700243,0.6418057204965377,0.7928478883826859,0.792860222251816,0.800006637784012,0.8019828872997317,0.8026194201412664,0.7982493918615613,0.7465224026591823,0.7465470780486483,0.7518561032442667,0.7605325613565822,0.770503285991782,0.7685430355490821,0.7584429073969133,0.7584738146634862,0.7697708883636349,0.7843360004193797,0.7976248682692756,0.7988086833508924,0.6543699956246753,0.6545643886976547,0.666531025604377,0.6673936590434677,0.6657992932119899,0.661564664219848,0.7200806320354471,0.7203899394927726,0.7284019668626772,0.7308605359417037,0.7314560782096771,0.7286260460171495,0.7683196659779412,0.7683969630571752,0.7732701372247311,0.7774278987816869,0.7795364928115758,0.7778066273497637
46,0.9265680906318075,0.9267613383406975,0.9309333424125725,0.9342574068257385,0.9361068269893892,0.9358324159724511,0.8927816875961236,0.8927851578617216,0.9000297054098362,0.9040519765820935,0.9055175353779517,0.9056691977988868,0.8360545889850616,0.8365029956574697,0.8512415700075365,0.8568767220362902,0.8591743125494442,0.854801881328946,0.8443477465837362,0.8444061667805914,0.8592609491643716,0.861655844047785,0.8637778679684793,0.8625283062833748,0.8993186491270375,0.8993203615231918,0.9020693649615534,0.9055932935335148,0.9054190733223832,0.9052836386765591,0.9266693010201226,0.9266731910334043,0.9318711803145168,0.9368754057234057,0.9406288679580022,0.9404514086134618,0.9232132497162742,0.9233260213146895,0.9297406658720382,0.937101106245609,0.9427079317071336,0.9410694234656448,0.8628420544565102,0.862885111545018,0.8705925470253251,0.8758058641813338,0.8753848979588713,0.8737701908202891,0.8565369052934264,0.8565894621688074,0.8631435778430615,0.8652343611814521,0.867169498263036,0.8663233400934436,0.9018066441091017,0.901929489304156,0.9075547577940718,0.9079831392465844,0.9098804581812917,0.9094987768800968,0.8887372283581864,0.8889159874826367,0.8956170946085193,0.8972436670662984,0.90048464588078,0.9002382070417434,0.8195978400151889,0.8196088477169288,0.823717065421552,0.8323802104042604,0.838099289974424,0.8358757969864734,0.7699987851563503,0.7701759685818935,0.788220219945795,0.7929617349037213,0.7932891821880291,0.7889345533595647,0.754190112157247,0.7549056122091626,0.7669034207286614,0.7760837722613776,0.7772634084662975,0.7732236843892569,0.855023062426816,0.8550532862770355,0.8596678719559133,0.8619864307308163,0.8618092739590074,0.8567227985402481,0.8635525337292437,0.8635579232471711,0.8693783933173881,0.8759254341613022,0.8815908690997558,0.8820228662604722,0.8665599101362549,0.8668766330703185,0.876391123486413,0.8842072467039245,0.894821564793888,0.893951034134853,0.7815821357147252,0.7818618740512895,0.7926580796653497,0.7919846086378013,0.7920938836283106,0.7903028990823296,0.7968171993178416,0.7971391009686586,0.8028354400539102,0.8060627048798935,0.8061982775698953,0.804318407763017,0.8531976821920917,0.8533103831183104,0.8589521075440675,0.8607121433604463,0.8627579913026819,0.8616977025284037,0.8552530795404146,0.8553315217134465,0.86112873067311,0.8647926847393421,0.8684134163905026,0.8673450599020202,0.7561879490568346,0.7564453860909642,0.7637171509394399,0.7714396487820211,0.7772161781722591,0.7765920612727485,0.7158678208852809,0.7158651035150401,0.7340505205825585,0.735720942150184,0.7337387883047333,0.7288347883091715,0.6819172447304207,0.68229830640326,0.6941746633124615,0.7064194246675997,0.7081606762360309,0.7046264006093517,0.8229307963362472,0.8229815092059543,0.8272818590506033,0.8312963768286589,0.829499620813709,0.8284383924371592,0.804824210650587,0.8048390077329635,0.8116422937072074,0.8164874668355437,0.8258443071432962,0.8242871371229586,0.8124451793153242,0.8131569134236445,0.8225279095384509,0.8308786683902626,0.8461358821761265,0.8443240289632656,0.7148782162199334,0.7149295240462421,0.7197396089103902,0.7267043856534336,0.7247547724062529,0.7189851247776318,0.7561753054569171,0.7564704259998112,0.7639690756920415,0.7654807056593542,0.7656543220299353,0.7628964572406234,0.8105375655982205,0.8105375556039467,0.8175092941371921,0.8190954796436222,0.8197077355931923,0.8178178562072028,0.8213769982476119,0.8214650011231565,0.8312576626941457,0.8329420697166823,0.8368222049868776,0.8361619950899477,0.6949260873907563,0.6951800595133839,0.7083750411941461,0.712094285410751,0.7216986260148007,0.7183969539588355,0.6651217633960838,0.6653952566943035,0.6791949912044477,0.6833282622884446,0.6833195721296083,0.6758837154812865,0.6184931522795716,0.6193903515218953,0.6413900906802151,0.6439701367315172,0.6436782458367067,0.6418677691483213,0.7928478882672418,0.7934237400187619,0.8002433472862599,0.8023845003064539,0.8009706999542505,0.79972924097481,0.7465224026984985,0.7465511404716307,0.7544414296471529,0.7568929557129952,0.7710900884466089,0.7702059163593549,0.7584429073969806,0.7588432271339701,0.770652650783021,0.7825093491832484,0.8001647761301814,0.7979392041333475,0.6543699955349747,0.6545143787178802,0.6660593416420398,0.6683747373958249,0.6677698266214376,0.6620470050041016,0.7200806322107187,0.7201097910103984,0.729408964117539,0.731264327394441,0.7313622836532938,0.7277637370290451,0.7683196681308416,0.7685538447756027,0.7748051504839366,0.7770674157674397,0.7802715087236676,0.7781836615969185
47,0.9265680906307574,0.9265891612348173,0.9323095811760447,0.9335386511124909,0.9360260396382071,0.935418622717537,0.892781687576232,0.8928126238820568,0.9005849082104397,0.9029162590650119,0.9061360905564948,0.9058266041090479,0.8360545819914227,0.8367128266863144,0.8525862390081044,0.858901915766372,0.8573285933644674,0.8546036319781537,0.8443477474328664,0.8447540789833068,0.8557403271815379,0.8628873440024393,0.8641843617744674,0.8625032622795851,0.8993186518867187,0.8993520663600811,0.9047596282870409,0.9057495300848941,0.9050828108083475,0.9050057365308988,0.9266693046488449,0.9266836404858299,0.9319426661593553,0.936372499386098,0.941178783242872,0.9403122297437565,0.9232132497200416,0.9233065263536248,0.9303212358767112,0.938120304569242,0.9426312429596545,0.9420795351276142,0.8628420543516792,0.8630831850373009,0.8697790513119305,0.8739293617849858,0.8750731184678578,0.8726350386039381,0.8565369052923081,0.8565980729653269,0.8623267838479631,0.866043837511006,0.8666561837297739,0.8654584388993588,0.9018066441080894,0.9018134588243317,0.9074193598832059,0.9078230446777532,0.910667560871261,0.9091124748328825,0.8887372283575276,0.8887595874728984,0.8958789702509181,0.8970515405833862,0.9001245375862869,0.8992379661540087,0.819597840015728,0.8196332553141471,0.8291641826135331,0.8323560625461461,0.8379970464405131,0.8366060043477199,0.7699987852279535,0.7705775226792468,0.7865631598645327,0.793000720978482,0.7909245664113377,0.784932392528353,0.7541901126604634,0.75582450278142,0.7708380294809574,0.7771085992751359,0.7766861322024701,0.7740543079416855,0.8550230624280826,0.8551243204221862,0.8593627026817727,0.8620335352101699,0.8614571470899962,0.8611922656079438,0.863552533728812,0.8635742008230856,0.8717929690357282,0.8769423495996677,0.881418325890435,0.8814419983207376,0.8665599101353612,0.8667460435760748,0.8757410942468427,0.8819479786260247,0.8958226161299858,0.8929735689169267,0.7815821357214819,0.7816559838114567,0.7877360284715414,0.7938480844705735,0.792809742940372,0.7890022750900038,0.7968171993114348,0.7973387840485903,0.802795524663717,0.8055601781517127,0.8057841552509121,0.8042558332842438,0.85319768219191,0.8532352223851445,0.8584215359772324,0.861267752914493,0.862108824145571,0.8606923497375024,0.8552530799044653,0.8553609430549387,0.8621424054581298,0.8640902458232389,0.8684209784332907,0.8670534816025067,0.7561879490572099,0.7562250515021829,0.7644525611655042,0.7703597261343181,0.7779788228567297,0.7767137465804056,0.7158678230506619,0.7161743017872315,0.7328077111222242,0.7343620214960084,0.73800613627302,0.7336691563712472,0.6819172465243412,0.681949153881303,0.7018480711518194,0.7056536173076556,0.7090778446366535,0.7044317734938483,0.8229307963372204,0.822950843351191,0.8298225270072965,0.8308953028822511,0.8314634676431494,0.8273998719096243,0.8048242106486283,0.8048356178126803,0.809111999751567,0.8186620661413149,0.8240828130779655,0.8227682646972995,0.812445179314748,0.8124462247535952,0.8250499326413183,0.8335705988912396,0.8455950081745827,0.8466693886467368,0.7148782162202079,0.7157706129740781,0.7251311324716456,0.7251756562079125,0.724416953402943,0.7170403603915374,0.7561753055184144,0.7562260459717733,0.7647955682319,0.765701373888937,0.7659829788302528,0.7626344618526045,0.8105375656163964,0.8106821241935716,0.8176039690116174,0.818491062829721,0.8211959110193254,0.8182926940375779,0.8213769980461612,0.8215362335660499,0.8299542146964899,0.8336274477707083,0.8361363444136828,0.8358379586308624,0.694926087637509,0.6955462867620732,0.7040184975802888,0.7130248946876698,0.7202704526971443,0.7195916397396646,0.6651217628541912,0.6654112994734296,0.6809022494263712,0.6811488950637477,0.6840150993286576,0.6741810751907127,0.618493170815493,0.6212271659153,0.6370243540231185,0.6450325199124102,0.6441829843082651,0.6416064673718346,0.7928478882623894,0.7940058365635416,0.8008894543728131,0.8027539723849849,0.800446265268586,0.8001646745010763,0.7465224026590729,0.7465791929416716,0.7566200881050902,0.7602517680403383,0.7695911667358131,0.7692916444602305,0.7584429073968866,0.7585060186305423,0.7723508177546623,0.7815182556930338,0.7971617827815611,0.7973649284291293,0.654369995534286,0.6547389598071383,0.6642890689862554,0.6668981485379408,0.6683615777725714,0.6618376204537906,0.7200806321501156,0.720231977198705,0.7298145981599515,0.7304259984449437,0.731844322440181,0.7276095618124274,0.7683196659813872,0.768327172358567,0.7733797238218656,0.7771574143692505,0.7812381225394609,0.7770179198116762
48,0.9265680906317095,0.9265716743487799,0.9318350912898836,0.9333105005374227,0.9362770508426678,0.9360712066245597,0.8927816879896897,0.8927879863136438,0.8989127866105328,0.903466840570205,0.9059819501081621,0.9054392537711675,0.8360545828272595,0.8361206823286291,0.8512587409718158,0.8568593153944454,0.8571579812695553,0.8547869613779037,0.8443477466585019,0.8444152907928284,0.8592808470706725,0.8633334395990775,0.8648239267696489,0.8618254638266365,0.8993186491271216,0.8993280258266361,0.9030865560661605,0.9049376418749426,0.9034651822712891,0.9046850453858151,0.9266693008718218,0.9267175588362094,0.9341928871614358,0.9362641852566259,0.9402969201515041,0.9407667770137242,0.9232132497161923,0.9232852523592721,0.9338156768640808,0.9364722529719275,0.9426721646828234,0.9411697036640113,0.862842054353298,0.8628511992931338,0.8703571894603648,0.8746557763996672,0.8748195058784345,0.8729939096414443,0.8565369052960807,0.8565872465969315,0.8635938582542632,0.8649791297189119,0.8661276521254451,0.8647436497969346,0.9018066441092321,0.901823113974531,0.9060213885437607,0.9081843211286398,0.9098409976441633,0.907974885367745,0.8887372283589624,0.8887438025241513,0.8945081072828833,0.8979846548821979,0.8997817398585498,0.8995714677044812,0.8195978400146854,0.8196376414494954,0.8286329934624777,0.8331867059598922,0.8382050710697408,0.8372658870370406,0.7699988854539589,0.7702806728062138,0.7901908502019552,0.7921998877248058,0.7951430478871758,0.7887808800975663,0.7541901315232908,0.7546578257782715,0.7718633982972556,0.7745572035651415,0.7777912190870221,0.773730221867283,0.8550230624358632,0.8550473457342614,0.8607143604256682,0.8614416272462039,0.8616212237095184,0.8594338682049263,0.8635525337557486,0.8635570592256145,0.8707947746032569,0.8761287291846462,0.8816804226737731,0.8805727961934433,0.8665599101359143,0.8666030258085582,0.8790399020457595,0.8823749109597266,0.895082365740814,0.893250383513751,0.7815821358084294,0.7817014166542193,0.793804730394099,0.7934706162217435,0.7916041475613648,0.790978138121249,0.7968171993219544,0.7968246766007597,0.8039791950577089,0.8056495753443538,0.8064091474135596,0.804551320566026,0.8531976822754791,0.8532221768490381,0.8570977703453866,0.8607263397004621,0.8620168400357193,0.8611820769416985,0.8552530794878951,0.8552661642974976,0.8627372011863786,0.8652709966164563,0.8683940497560338,0.8672098154624854,0.7561879490589614,0.7562638349104351,0.7690508606197959,0.771132606827939,0.7779653914151248,0.7756984522422874,0.7158678208906817,0.716015666929017,0.7334664680278784,0.7363092759205454,0.737084579112862,0.7307603385964976,0.6819172447304677,0.6820072523221243,0.7031077351791574,0.7062147354713183,0.7061337856545306,0.70426318402719,0.822930796387687,0.823742145624341,0.8303836125387449,0.8312933593408655,0.8277059946538946,0.8288387959065568,0.8048242106487616,0.8048318234516054,0.812733953659125,0.8190421371293883,0.8238463253592475,0.8242609875762451,0.8124451793151681,0.8126602421185928,0.8231816139352186,0.8326686069625375,0.8473958387851066,0.8463232856198859,0.7148782162202088,0.7154844156368951,0.7257412547013653,0.726181342733569,0.7249394089964463,0.7209754376604119,0.756175305454793,0.7563307336961524,0.7649729217400889,0.765724069832987,0.7662158944664812,0.7626511820303108,0.8105375655987017,0.8105608040272025,0.8147833758290495,0.8174737331357097,0.8204289681964734,0.8181147694599397,0.8213769980128802,0.8217203759407727,0.8282756259395962,0.8323572875023714,0.8358219062313583,0.8355412447703869,0.6949260873909535,0.6953765284683731,0.7039170981516153,0.7108522460058129,0.7205628089159426,0.7182335780978415,0.6651217628543501,0.6651132902084458,0.6778676132116961,0.6808212388140458,0.6838300308441223,0.6779135031569719,0.6184931533138407,0.6192376994752702,0.6397330924686871,0.6431070779860746,0.6456645274940604,0.6430301431230891,0.7928478882557457,0.793119955941433,0.8009312660541877,0.8019558850195796,0.8002820092519061,0.7982637619049148,0.7465224026590729,0.7465484369871742,0.7530336436987027,0.7602957260680319,0.7711606180037158,0.7682227056341446,0.7584429073969252,0.7591576138281813,0.7720817438506435,0.7842023289560058,0.7992116890059128,0.7975025212554481,0.654369995538782,0.6545720769075424,0.6676640733131485,0.6699304101343951,0.6678950165845331,0.6619933087808516,0.7200806320421351,0.7210712549547502,0.7293922648339762,0.7310065711215248,0.7313398001660864,0.7290061142985826,0.7683196660036444,0.7683563069118582,0.7754554125229925,0.7777517082603983,0.7806180836773181,0.7764620194917389
49,0.9265680906307959,0.9265814424068756,0.9318802033969928,0.9338105413356368,0.9364658086095461,0.9358917456089682,0.8927816877166871,0.8927890751049246,0.8994921801848333,0.9034068357043367,0.9055851482586634,0.9053954023173404,0.8360545819918673,0.8362522218826332,0.8516957187891672,0.8563447694509887,0.8563794469989051,0.856341854160227,0.8443477465865966,0.8449146652548809,0.856055724053576,0.8622674601855498,0.8636268809776642,0.8621112056988816,0.899318649142312,0.8993898336557499,0.9023552747110791,0.9047547221536014,0.9061469284351532,0.9055465692436732,0.9266693008739455,0.9266733723213786,0.9329465101397623,0.9372082901222253,0.9406536919776143,0.9413939672945915,0.9232132497161801,0.923241805514961,0.9320243998284562,0.9384592740367679,0.9429895414141881,0.9415968131951482,0.862842054351653,0.8629302265903949,0.8702061933173879,0.8745527795426313,0.8755396914973024,0.8725046843349902,0.8565369066290794,0.8565704719360581,0.8611330312664125,0.8646399600461587,0.8669873046784083,0.8647686831193115,0.9018066441091948,0.9018075976147759,0.9069803816792141,0.9075996413264216,0.9098950074974713,0.9086859212089246,0.8887372283643661,0.8888019390528555,0.8941071339320974,0.8960876413947741,0.8996557251952331,0.899090711029269,0.8195978400146817,0.8197128238236451,0.8269892425071931,0.8323660232676289,0.8373263882840923,0.8373287937861627,0.7699987851720962,0.7700846481443584,0.7904351412029991,0.7936860295905342,0.793036227835423,0.7882363938105814,0.7541901122239343,0.7544957223601294,0.7714757675585711,0.7751352005802015,0.7769300634121589,0.7741035357181696,0.8550230624269802,0.8550846976894757,0.8599579349425917,0.8629743586395172,0.8588084516814638,0.8589973517640709,0.8635525337885575,0.8635687402303844,0.870330181368452,0.8772075951769792,0.8821305235631067,0.8808848289901813,0.8665599101354856,0.866778498741455,0.8783993739766692,0.8853425464991599,0.8940622693685417,0.8936349191706938,0.7815821357147124,0.7816680385445238,0.7920517094682868,0.7912190452291324,0.792991507435604,0.7876066847085346,0.7968171993114204,0.7968951029008633,0.8048907754373227,0.8052503280586243,0.806725544745009,0.8048054949622437,0.8531976821919101,0.8532015406404585,0.8587894622148393,0.8600962826439407,0.862825298433053,0.8614069016923432,0.8552530794878491,0.8553233079009028,0.8602113209844493,0.8657438840979907,0.8680296486036715,0.8672087066207705,0.756187949058508,0.7565491341902539,0.7654705870661307,0.7712509230891642,0.7775454900117537,0.7762614846266701,0.7158678210117972,0.715968182437319,0.7336869344256911,0.7377889530350143,0.7364156811717476,0.7288667304036753,0.6819172447366274,0.6822587821749413,0.6997075228592309,0.7052987177766851,0.7065731991493204,0.7017969026351839,0.8229307981851824,0.8229634867348901,0.828851699872803,0.8305885426875222,0.8299144129963498,0.8297352321072895,0.8048242106486283,0.8048672883443894,0.8097245021356262,0.8174793229708726,0.8239336812615207,0.8243720108144843,0.8124451795965424,0.8125253215410506,0.8212829403127095,0.8329165598438635,0.8468763699569206,0.8467329460907607,0.7148782162279574,0.7152336523078613,0.7246145810491591,0.7263904290896053,0.7267175432863537,0.7223479682758689,0.7561753054543404,0.7578632762211017,0.7647327374107966,0.7657349716147879,0.7668459470362613,0.7630725316743736,0.810537565621387,0.8105695512884104,0.8143673670075549,0.8187159046544152,0.820823921733639,0.8186784460410065,0.8213769980275685,0.8219357169219099,0.8287922279748042,0.8326508339315185,0.8360943155496435,0.8346121332497083,0.6949260873907783,0.6949607639109754,0.7062467752119617,0.7113360978827798,0.7190181855012846,0.7188615065835302,0.6651217656311552,0.6653401045043887,0.679516431979406,0.6826055283757176,0.6821088587105179,0.6756794100546695,0.6184931523514967,0.6189304914221783,0.6363263038435318,0.6418317096812347,0.6467146452154695,0.6434077940103032,0.7928478889922973,0.7936818351537885,0.799902565152224,0.802373893554888,0.8031403703493619,0.8010356397180938,0.7465224026664835,0.746542177552493,0.7523782754912661,0.760100498071117,0.7696362492904854,0.7696760119519874,0.7584429073968811,0.7584726771849559,0.7685234416900322,0.7849402964353076,0.7992244959109646,0.7954067772340389,0.6543699955391296,0.6546775494638146,0.6655012078231679,0.6670384850708333,0.6676787666504669,0.6630158191457133,0.7200806320369384,0.7211853845324987,0.7283900279413165,0.7312285906623417,0.731799539717779,0.7298455994337045,0.7683196659779615,0.7683512196803628,0.7742938022346739,0.7783093712919751,0.7794184484042203,0.7774389986482015
50,0.9265680906307574,0.9266346929577268,0.931827004462023,0.9342669287423446,0.9363856187409967,0.9357149963960907,0.8927816875766987,0.8928407931922636,0.9003104501736268,0.9028789915580885,0.9065871798756274,0.90487549456261,0.8360545819883428,0.8361051819018964,0.852520795869996,0.8560340510210349,0.8582927142387533,0.8539463363678599,0.8443477465780967,0.8443498969333603,0.858956007571787,0.8623033320260732,0.8646935719450286,0.8622719432449011,0.8993186491644709,0.8993234457341642,0.9022636637163296,0.9060008402075579,0.9038500752917542,0.9053430445909486,0.9266693008728435,0.926687098961305,0.9325546144031109,0.9365424441356813,0.9409000094488276,0.9410299254202419,0.9232132497434881,0.9233796603077892,0.9298218318300341,0.9373013773865141,0.9422864247346705,0.9416522641490064,0.8628420543516391,0.8628476997755534,0.8721350848258185,0.8757082627149954,0.8752879893246328,0.871383462676448,0.8565369052925309,0.8566590599370633,0.863036571366213,0.8654847130713061,0.8667226446390066,0.8649770985894271,0.9018066441234177,0.9019209111292392,0.9048249467185435,0.9087016624129006,0.9105156509846546,0.908904755478147,0.8887372283716142,0.8887462320079993,0.8948949502041323,0.8970044708043313,0.9003680494214467,0.8994984659855607,0.8195978415502025,0.8197183864807128,0.827817353091695,0.8320563862365291,0.8375042811015536,0.8366383205337371,0.7699987851595759,0.7700511807971242,0.787947761627208,0.7927808348270358,0.7929772319977104,0.7907628496660668,0.7541901123854021,0.7544597468947359,0.7670760037832293,0.7743906364549322,0.7778509572449046,0.7734215149633316,0.8550230624876712,0.8553176672963099,0.860480248886788,0.8630378452724444,0.8621280915161376,0.860881244711076,0.8635525337288368,0.8636185985415453,0.8696421021868449,0.8761934527738129,0.8812738389657756,0.8813748964558499,0.866559910135589,0.8666186422304767,0.8747421865405742,0.8852912213405127,0.894653539960176,0.8938302010927422,0.7815821357193817,0.7817179111728005,0.7922644473349243,0.7936145425922052,0.7928831138615111,0.7899009176413478,0.7968171993114203,0.7968243006096523,0.8025971147557202,0.8050102093302957,0.8064512407958332,0.8039139484894532,0.8531976821919122,0.8532256405401453,0.8566208001414908,0.861013492361815,0.8628826805804685,0.8613070046517115,0.8552530794881634,0.8553091928801945,0.8609073706120147,0.8649000438709368,0.8685648459748688,0.8669934142215383,0.7561879490568364,0.7562024374035985,0.7662179616821994,0.7732464174717544,0.7797273794654696,0.7757136635407762,0.7158678212819748,0.7159127954215372,0.7310831559076487,0.7353502845563246,0.7366185244280887,0.7314901876094402,0.6819172447304207,0.6819930911390952,0.6983579037115277,0.7041501486236601,0.7087800476258146,0.7051516460735205,0.8229307963362545,0.8232383912016088,0.8265606493012543,0.8304279977162109,0.830152214285663,0.8287724860280218,0.8048242106486629,0.8048313959548372,0.8090184288976047,0.8180605367180553,0.8248602017520597,0.8241956675913066,0.8124451793285116,0.8129753776478885,0.8254149680422959,0.8328489352636631,0.8463962726779811,0.8456146972093841,0.714878216239468,0.7174363665959167,0.7257265896284673,0.7273054127571492,0.7264750836260874,0.7203251363301504,0.7561753055223861,0.7569454777942306,0.7641451599501999,0.765956377678617,0.7661972961047646,0.7621940888749001,0.810537565681355,0.8107697494122096,0.8155444226947259,0.8187474583317038,0.8207764214461768,0.819686066630865,0.8213769980128803,0.8214711369002512,0.8303453908792419,0.8323688069190884,0.8358534836019831,0.8349213120774897,0.6949260873907415,0.6950393442096077,0.7046081803521966,0.7108905620755182,0.7204214481910344,0.7176279787496627,0.6651217628541904,0.6653861928814878,0.6787979165371562,0.6849917187977985,0.6821003282662761,0.678943054156369,0.6184931522791106,0.6188525007904966,0.6393375579792786,0.6466086597976576,0.6449111505180712,0.6423521080626506,0.7928478882558403,0.7928886767430761,0.8010054164702931,0.8005571946216923,0.7991432648475314,0.7997569155204317,0.7465224026591012,0.7465503804223459,0.7537817002616216,0.7607884889273957,0.7690928162657691,0.7710906119136773,0.7584429073983603,0.7590134157420454,0.7705551050491861,0.7872881509395036,0.7979944864872671,0.7972405534321559,0.6543699955463489,0.654421583737328,0.6640725470168849,0.6660830079280173,0.6671109871293837,0.6595717532486758,0.7200806320471831,0.7212332091756661,0.7297517058409981,0.7317173111335893,0.7317428423087755,0.7293447551253784,0.7683196659839961,0.768414110262446,0.774928475815899,0.7773077038914126,0.7793823593641975,0.7780657756531275
51,0.9265680906307686,0.9265715935031505,0.9311869796840495,0.9343037591908463,0.9361496277805367,0.93596645691968,0.8927816875759895,0.8927855482712902,0.8979733622013851,0.901131050318414,0.9056170478141373,0.9054306260629406,0.8360545819883013,0.8361503630080127,0.8535799775574147,0.8575827784396929,0.8584833276190058,0.855742111704741,0.8443477481429823,0.8446812592203361,0.8512746864037687,0.8629639908495813,0.8642586834289059,0.8622582366304119,0.8993186491539111,0.8993239781013782,0.9027839585740906,0.9054656821901926,0.9064961624512993,0.9057190202497556,0.9266693008714797,0.9266828278359405,0.9301798200836462,0.936802642110239,0.9414122593400861,0.9402079105727794,0.9232132497161822,0.9233538444486434,0.9329618001829479,0.9389126739482303,0.9427283378141617,0.9421330284387744,0.8628420544186098,0.862895556736375,0.8708394923465386,0.8750913173736822,0.8748682384330209,0.873705296756135,0.8565369053001468,0.8565838317746254,0.8646829709459586,0.8652408521878757,0.8669389367427977,0.8655222854115959,0.9018066441091958,0.9018434833897979,0.9058226498432983,0.9084638523552766,0.9102319336774702,0.9089474545741371,0.8887372283577424,0.8887668949811772,0.8947708434182532,0.8975019841834676,0.9009089477261657,0.899220989043938,0.8195978400146766,0.8196646451258911,0.8284392765381057,0.8321403438535679,0.837810365556265,0.8362045809746972,0.7699987851572484,0.7702062757067434,0.7894868872677031,0.7922159861187995,0.7937804635749237,0.7869926672249643,0.7541901121699058,0.7542581793422378,0.7727961412508124,0.7768411421496321,0.7769679694374745,0.7753325606448971,0.8550230634726965,0.8550524643778955,0.8603918072918089,0.8612431014540378,0.8626493710040447,0.8616177330932867,0.8635525337288998,0.8635544747820292,0.86866984799798,0.877799781783925,0.8811318712350865,0.8806238575663611,0.8665599101444585,0.8666397553380137,0.8751304642588199,0.8833692707475047,0.8958986492981605,0.8943303378857911,0.7815821357146214,0.7816796782935294,0.7914787612667525,0.7928989875387702,0.7922129288621371,0.7864105471471512,0.7968172010375585,0.7970219595520311,0.8048850322801443,0.8062133810398359,0.8071710511350836,0.8046822567723736,0.8531976823101873,0.8532091384259699,0.8570565230393585,0.8609008004425294,0.8623339068865813,0.8610461575941996,0.8552530797732871,0.8552950183808,0.8601577773322039,0.8649923274719369,0.8685433406220023,0.8674698587666161,0.7561879490902244,0.7562020634015381,0.7651364416731798,0.7708411813070044,0.7792130296315649,0.7773861468181444,0.7158678211525646,0.7159720374366647,0.7324143707078493,0.7378960013561364,0.7353958870441757,0.7306909027976389,0.6819172447345372,0.6821583052606512,0.6974547242823418,0.7058559498985968,0.7088552020695039,0.7041552326345325,0.822930796336247,0.8232769128750379,0.8299796682860313,0.8309787406887683,0.8310797086693235,0.8286861374995875,0.8048242106504622,0.8048371652011541,0.8128390478423864,0.8172213316513843,0.8237310315089105,0.8240829243496826,0.8124451793148371,0.8127184061050512,0.8245175010668276,0.8315747832719157,0.8478823168245049,0.8461612482497773,0.7148782163816686,0.7150167514148382,0.7245753169068279,0.7257466340537905,0.7240141203858488,0.7211683527123953,0.756175305734988,0.7571188811757371,0.7644990012455005,0.7658375170854724,0.7661960483432373,0.7623827753468431,0.8105375656766207,0.8105431122209084,0.8153669248500566,0.8186641893243765,0.820321093742806,0.8190654814635344,0.8213769980199801,0.8218550950415782,0.8286884352029438,0.8332353954768105,0.8368427324200816,0.834882018133713,0.694926087390833,0.6953541367801113,0.7051399525972177,0.7123787130031345,0.7196437989415103,0.7180755724959849,0.6651217628547687,0.6651642263901243,0.675693824346673,0.6806898257420233,0.6826426781754589,0.6781785067327394,0.6184931522830851,0.6187208115554828,0.6385824465731391,0.6434936899498187,0.645678950748239,0.6416196440828987,0.7928478907840302,0.7932265529463676,0.7991983440577177,0.8030775016949764,0.8010450148013447,0.7990162230933501,0.746522402731139,0.7466145525096529,0.7563187030044144,0.761071877706103,0.7711906482029974,0.7698157249134874,0.7584429075443557,0.7586032574559548,0.7689939381417696,0.7817980143666589,0.8004797397629172,0.7984611944690184,0.6543699955352911,0.6544986160754791,0.669050427351104,0.6664902811074036,0.6668042406803687,0.6624601322254997,0.7200806320538722,0.7217744803886159,0.7295767408779515,0.7309009762799329,0.7319068959299431,0.7287704132195157,0.7683196659794567,0.7686362945387692,0.7746454169738539,0.7759720181159157,0.7809186099127107,0.7782473170149284
52,0.9265680906312717,0.9266146915127419,0.9316969021844135,0.9330651856986698,0.9367164843637046,0.9358856109893797,0.892781687576045,0.8927961330280599,0.90050703023977,0.9028518605734259,0.9057878631348434,0.9059008967560577,0.8360545819881566,0.8361222920115056,0.8520396070496996,0.8568902340546143,0.8588794628468942,0.8539243961663887,0.8443477465780969,0.8448444804916808,0.8584567743081697,0.863498535640354,0.8646512100482445,0.8621427706851383,0.899318649244603,0.8993363556604376,0.9026270829990088,0.9049414626596318,0.9045291710419886,0.904594860740983,0.92666930087162,0.9267185597979675,0.9298784947737115,0.9370782486129465,0.9408553977224783,0.940620702789571,0.9232132497163634,0.9232642488310107,0.933765591440389,0.9373199288130126,0.9427991936836211,0.9423614491897573,0.8628420543543623,0.8629817414411516,0.8698471053394659,0.8741823922764075,0.8741430319243386,0.8730380645288665,0.8565369052923597,0.8565741163791135,0.862707279395385,0.8654957209947929,0.8672156305534704,0.8654005654854338,0.9018066441231403,0.9018122142364062,0.9041685752337609,0.9084349223629999,0.9099419381107834,0.9084130405435534,0.8887372283574635,0.8887380258362847,0.8944281052621986,0.8977220515492148,0.900236445181857,0.8997034318959686,0.8195978400146766,0.8196102608463101,0.8270814326449756,0.8342588514753122,0.837656109689435,0.8369855578483002,0.7699987851611217,0.7701053873113705,0.7884784335932647,0.7910768961399206,0.7935775168297089,0.787310858119077,0.7541901122073786,0.7543481908911214,0.7659313827482735,0.7780857846818859,0.7776671721499944,0.7752244302384721,0.8550230624311362,0.8551363461813948,0.859750374437062,0.861511732099471,0.8630075827211063,0.8586066001587502,0.8635525337300868,0.8635894415662635,0.8709522760713132,0.8760077738310542,0.8812231090121139,0.8796771755841125,0.8665599101353686,0.8666380698151042,0.876750813044769,0.8861543390758649,0.8946671866579593,0.8950340513815893,0.7815821357196567,0.7816052867395542,0.7916702013896849,0.7928623992400279,0.7921258612125052,0.7901800413150876,0.7968171994133586,0.7969065074475992,0.8046787236515813,0.8061732986872124,0.8071242430106977,0.8041292698258149,0.8531976821919123,0.8532318047455474,0.8586035820583378,0.8608362908434382,0.8624979690427056,0.8611281784484817,0.8552530794879534,0.8556185707070074,0.8600301542844231,0.8646880361897249,0.8698646672401734,0.8668654016301556,0.7561879490600043,0.7562082565734589,0.7646277211103901,0.7711591764525829,0.7780039362619988,0.7756827411469697,0.7158678208898042,0.716574749136971,0.7314863508410738,0.7375821816616632,0.7356080265946592,0.7283421515315016,0.6819172447317468,0.6822731899083636,0.6988327839380752,0.7078797731110054,0.7069812412066879,0.7017482580186101,0.8229307963368577,0.8232004603574863,0.8274507097105998,0.8310758282907832,0.8315817776357424,0.8298184584773733,0.8048242106486316,0.8048381454973922,0.813630302822151,0.8169265410626673,0.8245245940964183,0.8225187382922247,0.8124451793147148,0.8124733008390108,0.8211989418192192,0.8349124198509688,0.8445699890332914,0.8446303067023283,0.7148782164151063,0.7149179554707761,0.7224074210958802,0.7233012990032774,0.7240600377946169,0.7222799437803209,0.7561753101150821,0.75633475278188,0.7628086441019118,0.7649008798837748,0.7652533311882197,0.7623791726533207,0.8105375656000842,0.8105605792689319,0.8159653014370698,0.8188645923406086,0.8203048033029335,0.8195056897682846,0.82137699801288,0.8217816032321644,0.8270132174140529,0.8324806972986314,0.8368372483028184,0.8348657585406628,0.6949260873907375,0.6950515201767036,0.705475977450243,0.7120092438184904,0.7197805712245544,0.7174430999938006,0.6651217628548738,0.6653009215730261,0.6778683286331797,0.6835651452745319,0.6834060599477806,0.6767167607724105,0.6184931522784893,0.6193213956778868,0.6389333987452104,0.6458152831872246,0.6462947639051819,0.6421262857791338,0.792847888678706,0.7932305639153062,0.7996430086590033,0.8028106649332226,0.8007528224399068,0.7979040095058153,0.7465224026590743,0.7465260871978221,0.7535836743802231,0.7597750887623564,0.7695341814239273,0.7682820783065258,0.7584429073968894,0.7584704168106108,0.7687543587213076,0.7841902941767511,0.7975547983445135,0.7975352033601373,0.6543699955349753,0.6547261117668564,0.6673548985339901,0.6693091464305587,0.6681287809458419,0.6640999799219401,0.7200806326878468,0.7201608145243383,0.7287902694834021,0.7307832501822797,0.7307405452636276,0.7272000085143315,0.768319665977937,0.7683782709167958,0.7727713365266655,0.7771280806974931,0.7800679401781159,0.7778751301814697
53,0.9265680907003333,0.9265801243553561,0.9296393536364692,0.9340603438344982,0.9364278826246792,0.9360709411675029,0.8927816875759893,0.8928370462926356,0.8986963414737921,0.903093781503407,0.906387904570842,0.9054974035461296,0.8360545821027253,0.8388960065030973,0.8547945783756722,0.8549191521034432,0.8593193051140146,0.855825681779635,0.844347746583129,0.8443609892852222,0.8558347363146747,0.8617830061136051,0.8643385029629282,0.8624213853691693,0.8993186491283817,0.8993258555955701,0.9033006418469084,0.9051812170079772,0.9061241243135162,0.9042451939590544,0.926669300880025,0.9266884101844539,0.93361776216403,0.9369928569319631,0.9405437823497513,0.9405643995415317,0.9232132497198346,0.9233652235380932,0.930635450600589,0.9367090560000761,0.942436936964435,0.941720353094939,0.8628420543517455,0.8628496262174565,0.870306307490789,0.8739567609437493,0.8758702107880153,0.8738864598823382,0.8565369052923075,0.8568376684225341,0.863831495230325,0.8655265579468665,0.8670416412953644,0.8652770293433558,0.9018066441093041,0.9018305277445839,0.9075947366252387,0.9082891811418915,0.9100460058039591,0.9086951993482967,0.8887372283574827,0.8887631278788487,0.8947616793172892,0.8976784773956685,0.899845526947151,0.8988369388751449,0.8195978400146776,0.8196375483835963,0.8252618981555973,0.8345110185099319,0.8388243832623273,0.8358858645450801,0.7699987851608556,0.7701068778610702,0.7883909938831091,0.7922940580888403,0.7933951087782625,0.7915752468588786,0.7541901121665477,0.7544671070182665,0.7697152011934933,0.7756619247978572,0.7783467662412982,0.7740719704908429,0.8550230624268065,0.8550661188024412,0.8583692926513966,0.86203919945984,0.8620151175622337,0.8590479179025804,0.8635525337290151,0.8635951969456704,0.8718827448621441,0.8769013394331264,0.8823337194484312,0.8811855323823214,0.8665599101354263,0.8666893275981383,0.8764145698828547,0.8864179413061708,0.8939473324430467,0.8926161052176591,0.7815821357145448,0.7816197002642676,0.789897217972075,0.7929313421589048,0.7928925108052169,0.789067385708949,0.7968171995225657,0.7969580095015546,0.8040054993911433,0.8064864843799505,0.8064356004145262,0.8053039916069997,0.8531976821919482,0.85320772615461,0.8580023377909987,0.860968220764198,0.8628638449558022,0.8618986051931277,0.8552530794879617,0.8552605508834026,0.8587455599532907,0.8646768942038078,0.8679876238371228,0.8671177792166173,0.756187949056856,0.756342652157456,0.7624444046895562,0.7715997898590414,0.7777575260483692,0.7758423159692205,0.7158678208902616,0.7159970938067179,0.7323806972920366,0.735490806151585,0.7378571258766616,0.7335562096345396,0.68191724499374,0.6832683241733548,0.7015497392929234,0.7038661551740701,0.7087347258415315,0.7035078197062548,0.8229307963416852,0.8231611859343841,0.8287928626235451,0.831735473198299,0.8307367952725396,0.828549019102639,0.8048242106486261,0.80485432109185,0.8099084474047893,0.817319294870342,0.8242955173477414,0.8229475512564912,0.8124451793147148,0.8126856938973541,0.826584154907845,0.8307592684164322,0.8452503122946894,0.8444347394206456,0.7148782162202088,0.7149786834956158,0.7247612136021128,0.7276420140910056,0.7248072605125813,0.7233252100684429,0.7561753054733406,0.7562598637291758,0.764085910263407,0.7650386567682784,0.7656204313194097,0.7630954462883713,0.8105375655986853,0.8105426633888269,0.8149215217412208,0.8180768976392926,0.8204419804078902,0.8175143803651547,0.8213769980128669,0.8220827028739877,0.8276570929606798,0.8329670469836239,0.8360919092298,0.8347996721239579,0.6949260873907375,0.6950735199706692,0.7090986782962772,0.7115123750771686,0.7206306713121958,0.7182682468837812,0.6651217633528428,0.6651878001419914,0.6762663739419791,0.6826389743301093,0.6800732699394207,0.6751127437138897,0.6184931526822792,0.6191654913143472,0.635347063798769,0.645781283615467,0.6449177791244427,0.6398605101245733,0.7928478883270026,0.7930425247114699,0.8006232736030078,0.8023763866989315,0.7997949208170761,0.8011331159958901,0.74652240305796,0.7465267972720091,0.7518564479317207,0.7604742602616814,0.770316145883142,0.7680382739325965,0.7584429074077788,0.7585249025241102,0.769893503190229,0.7807430098114343,0.7965938790794256,0.795549334889867,0.6543699955369842,0.657004133954042,0.6675023353073597,0.6702893880385679,0.6673806962890361,0.6631589940954947,0.720080632134817,0.7210089801338033,0.7303279707580915,0.7306482271741956,0.7314179865843458,0.7271650832824208,0.7683196659777971,0.7683965306682248,0.7737458291999006,0.7763061633205117,0.7797246757093138,0.7758839209810359
54,0.9265680906307578,0.9265735761842672,0.9312443145544632,0.9336584601382109,0.9362708662270485,0.93601003651473,0.8927816876029627,0.8930514096841047,0.9008498150557191,0.9027277500544204,0.9057670560344712,0.905201189608446,0.8360545838314533,0.8362809898907261,0.8557106524001876,0.8557937670399811,0.858705426397913,0.8541623008499551,0.8443477466426763,0.8444626092356275,0.8570379704158123,0.8629351320223517,0.8648547246033199,0.8625505715702749,0.8993186491270513,0.8994282681577662,0.9020532122656455,0.9056954758921537,0.9052531005535572,0.9047350042774284,0.926669301297909,0.9266835388604439,0.9317936980296883,0.9372953258305871,0.9414600553497763,0.9407819313739784,0.9232132497181478,0.9233691742613295,0.9327666318693254,0.9368458321797367,0.9428716440176198,0.942802741918059,0.862842054365401,0.8629108185150772,0.8713005461916821,0.8733160051083885,0.8742390803348916,0.874118239834364,0.8565369052976906,0.8567440536379601,0.8635792964843807,0.865577052587596,0.8663546012978978,0.8651199198308945,0.9018066441091979,0.901819643470303,0.9044252854526837,0.908781121184192,0.9100569883148129,0.9085116643159821,0.8887372283598778,0.8887988273136824,0.8947351051788177,0.8982660660276457,0.9004468486337036,0.8988457250019088,0.8195978400146766,0.8198753808668275,0.8261113211566913,0.8325123758066272,0.8373789548649405,0.8363445689109821,0.7699987851630679,0.770039521594297,0.7885686938490388,0.79146761247314,0.7902382077623861,0.7877473250202406,0.7541901121731815,0.7543693257201339,0.7735314751555946,0.7754823076851411,0.7765223392710986,0.774711938726975,0.8550230624268135,0.8550854578151532,0.8587471596957109,0.8611516521282925,0.862608315240346,0.8584096462270426,0.8635525337374891,0.8635633764469355,0.8711349808715454,0.8791804034495698,0.8822531727612536,0.8802096901613709,0.8665599101354602,0.8667022952399259,0.8811271674408916,0.8850009854292364,0.895262682992094,0.8942193329025762,0.7815821356837919,0.7817193448013364,0.7911711243386617,0.7933390310578006,0.7926237565276871,0.7910531678175273,0.7968171994182267,0.7968517103788562,0.8046932931364515,0.8061792060186949,0.8063582412020072,0.8046277353718596,0.8531976821939644,0.8533467162710455,0.857657203527114,0.8598959410076294,0.8625543743866191,0.8607359374909813,0.8552530795120578,0.8553708500525974,0.861355479476135,0.864526718355513,0.8680488899569426,0.8676929954582601,0.7561879493139608,0.7563667974294088,0.7678541533879244,0.7702040686296217,0.7775673523533758,0.7769541992905596,0.7158678208898921,0.716581169348885,0.7287695186860776,0.7340813914185208,0.7345190469817123,0.7283169879734119,0.6819172477776871,0.6839849499007177,0.7006497132466171,0.704062933604684,0.7073413237110308,0.7045585847427319,0.8229307963373007,0.8231418108998141,0.8278410316212397,0.8296855504535693,0.8303767441204248,0.8279280918282514,0.8048242106486349,0.8048360959622652,0.8103507685536556,0.8181411227282902,0.8236904385754873,0.8255311609420408,0.8124451793147639,0.8125090264654681,0.8217107253251557,0.8324781573758426,0.8469578485742314,0.8455163090471499,0.7148782162414002,0.7150444072348806,0.7235421545259404,0.7260809814925757,0.7274068317735829,0.7224313636816424,0.7561753055593048,0.7563737367154255,0.7630095885549064,0.7657735585712605,0.7653036258837057,0.7634071453570794,0.8105375656393784,0.810580834229725,0.8169355602695687,0.8186753477254525,0.8204965329396555,0.819658297585433,0.821376998013183,0.8215632443600692,0.8304257210046928,0.8321311989488428,0.8366007730847522,0.8369381292168985,0.6949260873907527,0.6952318769690786,0.7031964971618812,0.7109006063646455,0.7200964009940862,0.7184414487257071,0.6651217628595589,0.665223207250349,0.6806866441508628,0.6834061145510403,0.6838971488222172,0.6731391186282882,0.6184931529660367,0.6190634104454997,0.6357838519240411,0.6428355799398324,0.6455260710728546,0.6423493510215088,0.7928478882559014,0.7929982430946193,0.7982652930281323,0.8017901202190012,0.8020006133473692,0.7999441043737814,0.7465224026594899,0.7465404573108236,0.7545779015349058,0.7587143140670465,0.7698484782123993,0.7694959328957554,0.7584429074876936,0.7585307356709692,0.7769368986578813,0.7806414930326446,0.798787130690843,0.7978069745344266,0.6543699955351652,0.6545044657656292,0.6684658534128578,0.6680067132770409,0.6690166662242283,0.6619952081988191,0.7200806320358393,0.7202624476422128,0.7296605157956944,0.7313330204835484,0.7315557351186073,0.7285777407813444,0.7683196662738323,0.7683649009243136,0.7751048416386819,0.7775783281293078,0.7803616873297158,0.7771651229872119
55,0.9265680906307736,0.9265765783477902,0.9319122409335607,0.934366756876728,0.9363021095242371,0.9354933722519494,0.8927816875911676,0.8928807151126706,0.8998985415396907,0.902402528684354,0.9061368240099713,0.9057404600991981,0.8360545819942187,0.8361587591372096,0.8530737427851645,0.8572159443319459,0.8562785621561688,0.8534911156641254,0.8443477477040247,0.8443834160341736,0.8580090304517627,0.8632113787997805,0.8643665755689847,0.862341177139293,0.8993186491270211,0.8993314169280221,0.9029024696563538,0.9045323952890665,0.9060909667849123,0.9042589280552228,0.9266693008867782,0.9266705897151596,0.9331092585978498,0.9372838628769201,0.941202967332036,0.9402016552871406,0.9232132497304547,0.923221705627933,0.9316787597404759,0.9376762078651296,0.9430056876752346,0.9415842338838956,0.8628420543517907,0.8628784936506233,0.8678190495847549,0.8728766899318073,0.8753766787802357,0.8721441860258385,0.8565369053174104,0.8565662921638919,0.8632115218978617,0.8654739160948067,0.8672822919355425,0.8646481289927059,0.9018066441095182,0.9018178331836875,0.9061591725988134,0.9089775172262268,0.9094634586448376,0.9091499844515245,0.8887372283577277,0.8887496913973161,0.8947859516238826,0.896818067265798,0.9009838489561136,0.8994779180153392,0.8195978402747361,0.8196572075285194,0.8249535104996162,0.8329736577117068,0.8383312848205031,0.8366853587402483,0.7699987851697242,0.7700438320791505,0.7899550572566898,0.793189979972173,0.7926918293926987,0.7860064415972657,0.7541901121666373,0.755741233490286,0.7701028515468984,0.7770545877798621,0.7772638015045307,0.7740579020011684,0.855023062558891,0.8555406677050983,0.8597555509765424,0.8627008132142929,0.8616678914070813,0.86174973911988,0.8635525337288121,0.8635875323310035,0.8677663641538955,0.8746342721400058,0.8817834803470411,0.8812109491967135,0.8665599101353635,0.8665751094990644,0.8743079429777172,0.886635889913772,0.8949943999525185,0.8935268788156072,0.7815821357147186,0.7818771273614111,0.7899591802337691,0.7931353754556747,0.7914084089759021,0.7902510799921519,0.7968171995808648,0.7969070124598758,0.8032982744977305,0.8058652119739933,0.8067395547201841,0.8037505494487074,0.8531976878697807,0.8532020206473627,0.8568927043283738,0.860501283583936,0.8628378130259634,0.8612658007378236,0.8552530794996765,0.8552973351581374,0.8617150594258725,0.8648220087961171,0.8683509107150217,0.8672813982154408,0.7561879490662665,0.7562626152081289,0.7646651248524698,0.7711077579711387,0.7789441142698836,0.7766677341203113,0.7158678215531632,0.716369479035313,0.7341512022184666,0.7346644718936686,0.7378997801110455,0.7287142777581608,0.6819172447304263,0.6821245729641123,0.7012946344703654,0.7044254973717381,0.7076225408478123,0.7027979037700329,0.8229307963811322,0.823240217507619,0.8280762636527085,0.8308345901952293,0.8299568360106562,0.8234868828060721,0.8048242106486276,0.8048206771795583,0.8105548559180555,0.8189249895105353,0.8243374499228164,0.8236485456935467,0.8124451793147691,0.812620097362618,0.8236024412844383,0.8308901835799789,0.8473198805970913,0.8457738372647999,0.7148782162303137,0.7149920426832173,0.724834193145089,0.725890822113221,0.7266600452866678,0.7214477285971264,0.7561753056269711,0.7564201011534144,0.7643276040892085,0.7650955344904061,0.7655312998518314,0.7648177902805119,0.8105375655982123,0.8105858560000834,0.8156356779739211,0.8191076022852699,0.8198379250918935,0.8189505750212391,0.8213769980196122,0.8214229705107302,0.8294378506574477,0.8324953340507938,0.8367597134546123,0.835037040728807,0.6949260874321644,0.6950307897294665,0.703859919673204,0.7105811586583857,0.7207020353316367,0.7187889755344463,0.665121762876133,0.6651255918392946,0.6755395083574456,0.6813126450546281,0.6784944959854201,0.6751966337723255,0.6184931522791103,0.6188557590767108,0.6349238450395835,0.643695515724459,0.64551226503372,0.6436420390304538,0.7928478976238614,0.7932198570280006,0.8004875203427629,0.8015921418538603,0.8004975227536881,0.7990512690551319,0.7465224026948387,0.7465249253338018,0.7569091615174945,0.7585686798452265,0.7697673663739256,0.7681983595493193,0.7584429073968905,0.7585877159173109,0.7669361893395661,0.7781424771384764,0.7981559494318937,0.7987945832993604,0.6543699955499489,0.6543940021610739,0.6662420538490552,0.6664054041279208,0.6648746218221551,0.6615053573269861,0.7200806320443713,0.7206756518168835,0.7283415725952398,0.7313469447904515,0.7320273329401699,0.7289453871325958,0.7683196659786231,0.768339165080987,0.7746717771123899,0.7776322520892559,0.7809382619205966,0.7768718034436427
56,0.9265680937003477,0.9265721453169274,0.9312715369289,0.9344405950801374,0.9362860037151963,0.9359078425462235,0.892781687575991,0.8928617498225703,0.8964556161836643,0.902898489044954,0.9064171627557505,0.905854900854951,0.8360545819871129,0.8360359176906356,0.854070434457199,0.8543751106654247,0.8586348473821137,0.8571974179416271,0.8443477465891788,0.8451376015117854,0.8580355296870332,0.8627509084680696,0.8643156841288671,0.8630597607746155,0.8993186491276229,0.8994341016029577,0.9021027118078476,0.9040192561894449,0.9061515263408124,0.9050086619545781,0.9266693008797364,0.9266884266279904,0.9329123695582164,0.9372330197103131,0.940786045169445,0.9405608233987321,0.9232132497161802,0.9232282310182163,0.9312261225921875,0.9373093741137389,0.9424062373917993,0.9426547427178139,0.8628420543561455,0.8628995980234297,0.8710322888477304,0.8737021676623177,0.8744910698116584,0.8742413501540889,0.8565369052923116,0.8565522785164513,0.861706943157253,0.8652185398786777,0.8661273544725728,0.8650428255727216,0.9018066441090589,0.9018352474550637,0.9065355364821944,0.9086361645678466,0.9099832157781814,0.9088350023148752,0.8887372284074517,0.8887962997364721,0.8953340688878373,0.8973176234506639,0.8999830189728981,0.8991802972415641,0.8195978400146897,0.8196359478166478,0.8281919238347011,0.8326695412607867,0.8380746980917542,0.8367210858589693,0.7699987851944824,0.7700066595834065,0.7877485100227288,0.7937617614041826,0.7929355988974192,0.7873730725018491,0.7541901121573172,0.7545451187754113,0.7661360330831097,0.7764852593158653,0.7775655076415458,0.7742259084367829,0.8550230685487202,0.8550453471593308,0.8602918947786071,0.8627877788853258,0.8629005202384153,0.8599515535116897,0.863552533728811,0.863562227161385,0.8712334855490513,0.8775582998093159,0.8819335209322459,0.8803791536912069,0.8665599103138024,0.8665935592857031,0.8793100607055908,0.8842854741129814,0.8946869259371131,0.8928982987983636,0.7815821357472545,0.7816507980480909,0.7910156184222744,0.7951632495691313,0.7919355091546432,0.789911513797583,0.7968171993115513,0.796859864214678,0.8035598751126853,0.8063318430850003,0.8065936125081254,0.8042756717791272,0.853197682231479,0.8532112439209107,0.8595770307123611,0.8609439634041095,0.8626228087897979,0.8610731324182557,0.8552530795003546,0.8553353878131063,0.8612983432769866,0.8647176889192617,0.867839011972526,0.8668690478911776,0.756187949067437,0.75793701478087,0.7660766444292724,0.7711569347675465,0.7779544047344782,0.7766492120140932,0.7158678208947891,0.7159868401535895,0.7287802510290481,0.7369794368188414,0.7382026249270297,0.7313889934451816,0.6819172447304561,0.683651137921689,0.6989571176897977,0.7069756489394761,0.7068968189790864,0.7037190341616169,0.8229307963620809,0.8229451558013292,0.8288282713180816,0.8299158639968757,0.8289108654166321,0.8271656633638782,0.8048242106486461,0.8048289361334582,0.8129494393995628,0.8129877457580175,0.823961615467577,0.8241051788901184,0.8124451796490639,0.8124644126392793,0.8237288096054073,0.8346032195298769,0.8458416696021126,0.845108475951578,0.7148782197700052,0.7151555996490857,0.7257192022575711,0.724318293624597,0.7277418648124584,0.7203230257760223,0.7561753055539218,0.757648271003073,0.7645846789581718,0.7652909411872739,0.7655021849197212,0.7640070769669729,0.8105375655988623,0.8105632342371174,0.8149231176643446,0.8178899258325791,0.820523062025106,0.8181156042471189,0.8213769980131912,0.8214477530060716,0.8298878588071649,0.8328876754674004,0.8375211860543774,0.8347160685179237,0.6949260873907377,0.6950301522305355,0.7057565156028383,0.7124426492337924,0.7219459339835328,0.7190923200052806,0.6651217630974393,0.6651939454351751,0.6722601969453894,0.6808854204436123,0.6801657045251673,0.6771781840618832,0.6184931522791137,0.6198775522171605,0.6402302634006398,0.6432653819771632,0.6487974378735286,0.6413244413758769,0.7928478882559846,0.7932921787684344,0.7997316291108701,0.8021440414539629,0.8018232076565641,0.7932078014803485,0.7465224026593333,0.7465581143848319,0.7530344788771692,0.7600906924975441,0.7708534574290792,0.7713198482099789,0.7584429073968808,0.7586274174631209,0.7704432998003309,0.7772299323816512,0.8004405284814717,0.7975609378458927,0.6543699955365252,0.6567811237358911,0.6680738483431606,0.6674027785480429,0.6655885581107714,0.662467945637349,0.7200806348375579,0.7215152472112174,0.7299737135156663,0.7316789462875315,0.7310011661029006,0.7283962964648479,0.7683196659779579,0.7684028394746059,0.7743537258586318,0.7769087689345109,0.780224883982542,0.7768228161583137
57,0.926568090630844,0.9265744888071683,0.9303417829211034,0.9338448592713156,0.9364623958165228,0.9355202476571268,0.892781687576236,0.8927915639595007,0.8991351038395932,0.9028431525587362,0.905838475453294,0.9043617933597873,0.8360545819915726,0.8362210262759896,0.8544069103726546,0.8542030981455393,0.8590422769017281,0.8559818930474342,0.844347746578456,0.8445792444888137,0.8593060677510461,0.8637431184354958,0.8647599726103427,0.8613896201996095,0.8993186491270413,0.8993225890106327,0.9021319190302952,0.9047332549612037,0.9055502711506844,0.9039589663741476,0.9266693008714844,0.9266785265241553,0.9320939783101062,0.9364239426832499,0.9407212739794791,0.9408215614608648,0.9232132497161802,0.9232244174351848,0.9344335671065966,0.9388787432417941,0.9430088359627987,0.9422155580455114,0.8628420543515267,0.8628819863968562,0.871540696201613,0.8741852935141845,0.8750449640545138,0.8729150471594809,0.8565369052925623,0.8565392476186828,0.8620462594471796,0.8652816127227652,0.8672889302737767,0.865252687776799,0.9018066441091313,0.9018083578527979,0.9066749136363889,0.9077810617969014,0.9105936641184333,0.9088403645054862,0.8887372283749121,0.8887577848288131,0.8944978388938326,0.8975503534866671,0.899371194998856,0.8995747117184826,0.8195978400205853,0.8199501448549746,0.8286880366254722,0.8324316851964019,0.8381444299710291,0.8378108889561338,0.7699987851559247,0.7705623861485797,0.791581260684533,0.7906385471767416,0.7919445393675071,0.7907175181334296,0.7541901141008224,0.7545627828893756,0.7650160089714386,0.7766280893328188,0.7764296516166383,0.7731783386081444,0.8550230646621391,0.8551495351363133,0.8596348353472357,0.8627836007125289,0.8628875347635132,0.8597045277917414,0.863552533738833,0.8635542903026234,0.8718317417105785,0.8775389436379432,0.8819509673428798,0.8812573539360431,0.8665599101354289,0.866564867748417,0.8780297947381905,0.8854855840674827,0.894410604916967,0.8941654354449996,0.7815821357145993,0.782469199188649,0.7931794163599171,0.7934394904508986,0.7933912473817333,0.7906901636459293,0.7968171993125555,0.7975232441884752,0.8038224464993189,0.8062909242134836,0.8069180226630199,0.8050043339144232,0.8531976821919101,0.8532419486467016,0.8591915428417909,0.8610510699220713,0.8629104705338413,0.8601620233665472,0.8552530794882082,0.8553194155504624,0.8601301978490737,0.8644329647404648,0.8680501522746787,0.8669282893854764,0.7561879490667232,0.7562592891664829,0.7647788423161007,0.7709399027745625,0.7784616132684741,0.7762524685626213,0.715867824942596,0.7159928518420948,0.7297550056121098,0.737429918545299,0.7340084971418358,0.7282319298579709,0.6819172449523327,0.6820381609435848,0.6974862264495485,0.7055328649549211,0.7079811320530076,0.7026120189514082,0.8229307963904275,0.8231194047217302,0.829562218056515,0.8313062146316234,0.8294781701281377,0.8275060517875132,0.8048242107002129,0.8048429926323476,0.8122598006615024,0.8187676608907387,0.82543034358245,0.8235205277759423,0.8124451797309129,0.8125024280702889,0.8233469226635984,0.8332014703392416,0.8448769076145016,0.8460193016204458,0.7148782162201099,0.7152784261076441,0.7268798028871726,0.7263225253048897,0.7249468395853177,0.7203002977135199,0.7561753101672877,0.7564727992766767,0.7632323302404891,0.7652648286660486,0.7652857748215418,0.7642955326328177,0.8105375666798684,0.8105472238928136,0.8157954125227618,0.819387789016037,0.8199951207659351,0.8185748584222605,0.8213769980129312,0.8216130330469795,0.8292355009742667,0.8326757358763194,0.8362158298815868,0.8353270652789185,0.694926087395416,0.6951563085084476,0.7036039490677213,0.7105136744599234,0.7196994126760713,0.7184155136053827,0.6651217628541916,0.6651619540541833,0.6793105775010913,0.6822595827179507,0.6824453652394358,0.6747346398635795,0.6184931522791273,0.6188989026092173,0.6387579506972512,0.645260907053333,0.6463993956280845,0.6421721772532647,0.7928478902817166,0.7930886702313054,0.7998086491813947,0.8024473701067592,0.8003415134718574,0.7991350248133974,0.7465224026590729,0.7465950758295452,0.753144630932284,0.7599420149323894,0.7694280030146223,0.7690630674385766,0.7584429073972554,0.7584644836625319,0.7690655808687872,0.7838929786964621,0.7996636314780635,0.7977163425842725,0.654369995653223,0.655012459172816,0.6643312145979445,0.6679350798195365,0.6676863763243615,0.661743447681426,0.7200806321303874,0.721102690876448,0.7296836320858695,0.7311656396547606,0.7311743635204977,0.728350677222448,0.7683196659779585,0.7684143303585041,0.7751596413310685,0.777590001938554,0.7809907507790037,0.7773205784662419
58,0.9265680906310733,0.9265867687104141,0.9323554743143198,0.9340769586679762,0.9370352397068408,0.9356338026162925,0.8927816875759984,0.8927989030815536,0.8993826949456749,0.9024418847131439,0.9057533382007544,0.9051657560020707,0.8360545994919865,0.8361511789763941,0.8544576182180998,0.8590530964966637,0.8580229049214674,0.8551320449642411,0.8443477465780974,0.8444307924561065,0.8588622205127585,0.8624226804311748,0.8641885581544708,0.8619231103285472,0.8993186491828592,0.8993900779170583,0.9017906217069311,0.9056540528928212,0.9057777393514154,0.9059569812885625,0.9266693008800304,0.9266864468232932,0.9350475158628503,0.936005356843252,0.9407524615705288,0.9408921243195457,0.9232132497200833,0.9232789664237383,0.9321724556461433,0.937544658688877,0.9426053432982466,0.941935335104127,0.8628420543516464,0.8629306507419036,0.8705538727071752,0.8745179490432826,0.8750332395127606,0.8729487581807286,0.8565369052925209,0.8566389755652787,0.8622365720643346,0.8645664802603479,0.8669294053372303,0.8649626740177205,0.9018066441092019,0.9018260400416649,0.9076670002106739,0.9088434745110779,0.9098068982403205,0.9088464165490063,0.8887372283574012,0.8887441202746786,0.8949280574267598,0.8981493216847655,0.9000289449336903,0.8994003597206223,0.8195978400175812,0.819662204228949,0.8299430116520666,0.8335500843047872,0.8380339971705019,0.8369424539959652,0.7699987851555834,0.7705931762825666,0.7852152227438933,0.7918313206886509,0.7951744288621723,0.7851947377089288,0.7541901123637261,0.7543540720799066,0.7668430122715626,0.7751301005216474,0.7780060700843908,0.7753541385799452,0.855023062428342,0.8551734810864756,0.8600269738341191,0.861849104625011,0.8628384893483065,0.8599244370926624,0.8635525337288219,0.8635542134794902,0.8708387284870347,0.8771062243267845,0.8826733666971539,0.8816356917780942,0.8665599104430436,0.8674803417207597,0.8781365127463987,0.8855635692638961,0.8948439643983493,0.8934608418799458,0.7815821357145369,0.7816246255765975,0.7914313123345469,0.7924783126556174,0.7920101191002765,0.7912240795617487,0.7968171993203769,0.7968489552600282,0.803868877751986,0.8059027822843343,0.8060221422947621,0.8042499561777001,0.8531976821919114,0.8532734852713804,0.859004326552512,0.8615332556997866,0.8623406686517636,0.8613554970580628,0.8552530795004616,0.8554729853264891,0.8615286306150558,0.8650834163798466,0.8674379592772512,0.8681013578101324,0.7561879490619607,0.7562080310525487,0.7658135832350786,0.769745607789637,0.7777405309959751,0.777286608737479,0.7158678208899113,0.7160312200069905,0.7297054406427739,0.7363301068767876,0.7360595235048413,0.7299890831823975,0.6819172447314968,0.6820983143187089,0.6973180236847603,0.7044360847609974,0.7073675319020023,0.7042894709115565,0.8229307966437865,0.8230139056839221,0.8286777174914588,0.83101478725395,0.8297955491714939,0.8265748048677671,0.8048242106528203,0.8048437868006809,0.8107304787614826,0.817552245197394,0.8245024377562031,0.8239106175157157,0.8124451793147521,0.8125697289488739,0.824036547976994,0.8325424014853745,0.8465990139302026,0.8454597822891062,0.7148782163356773,0.7151094109926381,0.7244771494999147,0.7280338843816404,0.7282943605253278,0.7184795384261036,0.7561753060180567,0.7566467780496563,0.7639533760451467,0.7658294709078904,0.7658585888597158,0.7626690048359324,0.8105375655981149,0.8105982123479714,0.8165508439933519,0.8180236525771969,0.8211979932463471,0.8175506082950492,0.8213769980128843,0.8214069290655246,0.8295065197346093,0.8331346580514681,0.8356756816335669,0.834605210483654,0.6949260873914749,0.6949596552681853,0.7068030263256166,0.7129362455676981,0.7197601333704082,0.7190863794213143,0.6651217628561198,0.66527423053292,0.6815012709850999,0.6845273757127257,0.6821982929991506,0.6777102335763268,0.6184931590043545,0.6201259118635148,0.6372791904964217,0.6456476613765577,0.6468933478271365,0.6425256228727743,0.792847888303149,0.792873358215923,0.7991569814430814,0.8014741864846802,0.8005531775514646,0.7993224158215878,0.7465224068752045,0.7466303545882942,0.7556461388502229,0.760431363296666,0.7712523264292348,0.768122078462955,0.758442907396848,0.7584712212089032,0.7687054079959648,0.7818850217108362,0.7987823169718098,0.7975504654780354,0.6543699956416191,0.6553875239210114,0.6667255459351763,0.6686105314997819,0.6684316441649927,0.6601331172812086,0.7200806320354043,0.720377002918761,0.729613564305428,0.7316733641280613,0.7311279037029443,0.72819948463695,0.7683196679119271,0.7683753850998626,0.7761736167544826,0.7773879832806075,0.7799847148318745,0.7770761357012402
59,0.9265680906341133,0.926632769792965,0.931592583322922,0.9335790732174074,0.9366159420486286,0.9357995715319372,0.8927816875765128,0.8928731480853563,0.9006189665435889,0.9026634597286082,0.9060253829640391,0.9045210650126889,0.8360545819883003,0.8369210569188081,0.8543580715094128,0.856522365097202,0.8602045188456493,0.8553290114152867,0.8443477465785809,0.8443818483467402,0.8594898310013427,0.862374216786013,0.8643997307697113,0.8620493912366023,0.8993186495715998,0.8993350474693258,0.9044592108329232,0.9056470912186191,0.9053631778228834,0.9040245031466126,0.9266693008719098,0.9267122637662933,0.9333626213564054,0.9374339732461554,0.9412805987011614,0.9402797252249471,0.9232132497170377,0.9232279180046264,0.9333079363899541,0.9384862839023322,0.942588871354396,0.941425619182948,0.8628420565668952,0.8628848280723606,0.8710460827290405,0.8738392615485162,0.8741831201607116,0.8735894723197613,0.8565369054263364,0.8565418740033598,0.8640042502341894,0.8648799486592094,0.8669881412927395,0.8648179273296659,0.9018066441091975,0.9018148703543186,0.90703769570632,0.9086316705664533,0.9099431307430335,0.9093727820982263,0.888737228357543,0.8888276826965896,0.8944722451121037,0.8966073418707863,0.9001920295673054,0.8995040682775152,0.8195978400874709,0.819625955166432,0.8278109222415564,0.8330990589139506,0.8381588969545843,0.8356699597899605,0.7699987851560088,0.7700246417633868,0.7820380556529829,0.7917214211554391,0.7926698909920458,0.7862423942892823,0.75419011216617,0.754276318947373,0.7700679071806938,0.7742851197243632,0.777880902731279,0.7747360829156901,0.8550230624282621,0.8552869048938005,0.8595230335609514,0.8626271849188871,0.8619013241753766,0.86047483444278,0.8635525338386627,0.863602965988517,0.8700651638261695,0.87630010667006,0.8810362801972197,0.880723655217153,0.8665599101353703,0.8666460647384597,0.8774430303811611,0.8861531638700288,0.895185980770786,0.8938014518569233,0.7815821357175089,0.7816189186280522,0.7916364194613501,0.7917221251508193,0.7920184007003801,0.7909290282793623,0.7968172003238859,0.7970858657850348,0.8036115096723532,0.8056355774655635,0.8068840209751996,0.8057633759683402,0.8531976821920078,0.8532183025800313,0.8590473556668996,0.8607438278148036,0.8621377143287974,0.8606617599903296,0.8552530794878512,0.8552953663768271,0.8618900475118872,0.8649051044195456,0.868524552160324,0.8671937420145005,0.7561879490593318,0.7562453849694875,0.7642136215559685,0.7717888928294818,0.7780250994361484,0.7759402677504854,0.7158678208897881,0.7159286657542641,0.728030876026115,0.7350895694351287,0.7347706092765028,0.7324308720857986,0.6819172447701014,0.6829027463233679,0.698785133770903,0.7057357623478303,0.7084017845399995,0.7054147916501616,0.8229307963638274,0.8230946112689399,0.8287839201869218,0.8314352324293464,0.8319873836811076,0.8294734817867946,0.8048242117642563,0.8048608855360427,0.8128137145635287,0.8169701448520736,0.8240513097623963,0.8254831867397535,0.8124451793230199,0.8127396280559447,0.82003022740213,0.8334957274483991,0.8454926627950072,0.8437972973446798,0.7148782162210284,0.7148922556161105,0.7283127748230223,0.7265995859486856,0.7240631634652549,0.7200000065339691,0.75617530549916,0.7562110073432166,0.7636477545913669,0.7655484068311321,0.7660099335349814,0.7638680580009118,0.810537565598116,0.8108088326408756,0.8156804658526605,0.8189405708978598,0.8208936170973793,0.8184936476270435,0.8213769980129045,0.8213865970647001,0.827659531560573,0.832887157082753,0.8360951079623874,0.8344814941292434,0.6949260904544761,0.6951272389677179,0.7036802342003137,0.7104595832463709,0.7201586363262795,0.7202631155269774,0.6651217628862522,0.6652565516838234,0.6773627247733836,0.6836633866593838,0.6852387269858133,0.6757611799428267,0.6184931522837496,0.6197107976562757,0.6395460942661846,0.6444154571167832,0.6461376111057673,0.6425676372890972,0.7928478882558516,0.7930136246308208,0.8005351421560093,0.8025870731975264,0.8031037862098629,0.7975735498292174,0.7465224026604086,0.7465242458891099,0.7571316439503203,0.7594575967623897,0.7719139480571757,0.7681551265775491,0.7584429074379155,0.7585708681364627,0.7710773566156318,0.7808043079773872,0.7996488236040791,0.7972846599633356,0.6543699955370972,0.6545511557822328,0.6648785001325224,0.6658885719088323,0.6691723132342411,0.6624077126421901,0.7200806335425947,0.7207356576131622,0.7299158762534215,0.7311804914113942,0.7313218625346591,0.7294790584365782,0.7683196659779892,0.768638648722257,0.7722232675770843,0.7777833666103393,0.7801873296012155,0.7773064928589786
60,0.9265680906410534,0.9265815739835978,0.9319001241312567,0.933586729266939,0.9361383077332806,0.9360416399588642,0.8927816875765988,0.892813773897277,0.8973547818652079,0.9031069891347533,0.9057440175287844,0.9054915806026268,0.8360545819883884,0.8372168481586569,0.8544333131239428,0.8594912079955276,0.8582502474606084,0.8545893385530623,0.8443477465780962,0.8443986944960276,0.8596537430421745,0.8634395550124168,0.8647726879912289,0.8625710477568249,0.8993186491270433,0.8993511678205429,0.9028902176201162,0.9053419461228271,0.9061881864470043,0.9044726344943075,0.9266693008714801,0.9267065431927478,0.9335248175789898,0.9365540126250702,0.9413780118543621,0.9403552787006771,0.9232132497568399,0.9232821173746426,0.9345160260827287,0.9365958706630896,0.9431744613540091,0.942101172898836,0.8628420558803734,0.8629317160795463,0.8704493484584679,0.8728579837469421,0.8744397971039432,0.873413121540521,0.8565369053523806,0.8565616646534763,0.8616669412697948,0.8658619701074868,0.8671396262250939,0.8654107409978719,0.9018066441091948,0.9018084141075197,0.906723311939809,0.9087401001755891,0.9098190946642235,0.9089528439009307,0.8887372283574694,0.8887908448082162,0.8945430064781911,0.897517613900831,0.9009240755900929,0.8994122726545722,0.8195978400810899,0.8196303723152567,0.8291569637407165,0.8322011453663007,0.838357274201891,0.8367459352294794,0.7699987851562302,0.7703385592692562,0.7876171275750011,0.7891864113156198,0.7948664488340649,0.7873184335319798,0.7541901122911994,0.7549814483583916,0.7686943609473037,0.778035324121804,0.7772572231277147,0.7761176941996324,0.8550230624307541,0.8550338406211447,0.8606461604165697,0.8618877919980066,0.8629893515557099,0.8603230898515176,0.8635525337288228,0.8636019730732174,0.8714169815391655,0.875021426399332,0.8807091082773584,0.8806525238884003,0.8665599101353625,0.8665681126255093,0.8798054049254809,0.8867395081756649,0.8955551532463415,0.8932524056837173,0.7815821367651716,0.7818732865497625,0.7890170436920397,0.7912848836842268,0.7932515939817695,0.7878551309179267,0.796817199318105,0.797266813451549,0.8028646184194377,0.8058493686387578,0.8060182149881386,0.8049404398104533,0.8531976821919119,0.8532083948662862,0.8573083733802849,0.8609531573606198,0.8630885186874963,0.8606184653686373,0.8552530794878901,0.8554361521824934,0.86283313476385,0.8655905092233477,0.867822684370346,0.8673828138012902,0.7561879490654551,0.7562464021339568,0.7656265523990587,0.7710423717061301,0.778688063022548,0.7761227121104676,0.7158678208914571,0.7159243973129485,0.7287761483375436,0.7351389305670906,0.7393094478492792,0.7312269283826316,0.681917244760902,0.6826411297878054,0.7014279366714826,0.7044251126001824,0.7065665050872665,0.7047292623219703,0.822930796356391,0.8234708343758811,0.8285289715895128,0.8313184010603388,0.8310580082458457,0.8295079681097949,0.8048242114526873,0.8048776648285967,0.8127338773870465,0.8163355177335074,0.8245166729721048,0.8239215581125593,0.8124451793848342,0.8124660034504132,0.8227995455858799,0.8321598532179366,0.846046031504749,0.8458599748027125,0.71487821622896,0.7155117403803549,0.7244063651209809,0.7257560515865195,0.7270750307570599,0.7229467938449746,0.7561753054542719,0.7563093788110115,0.7645957786547504,0.7651421062342211,0.7658504836030557,0.763163303243411,0.8105375700186668,0.8105719968418353,0.8144902249129327,0.8178699283709516,0.8205231309607769,0.8180178776368959,0.8213770002576879,0.82144588210763,0.8309033901334817,0.8330362337161976,0.836520249918203,0.8351599196621791,0.6949260873914842,0.6949408040221245,0.7060743707794633,0.7118922781377066,0.7204447198591057,0.7178720426766361,0.6651217628516112,0.6658712343962403,0.6784725897729966,0.6812814212412068,0.6827301378917232,0.6752332132395216,0.6184931522855648,0.6224362969513901,0.6344742700818602,0.6443971904322312,0.6439426405626505,0.6416633636661422,0.7928478883293177,0.7929473443329191,0.7993486945258039,0.8035272293740972,0.7989954040501152,0.7995121879226459,0.7465224027043782,0.7465305984021285,0.7536861155234231,0.7599408778611466,0.7705945856234011,0.7682520223461833,0.7584429074019378,0.7588828430025165,0.7688762580075104,0.7842736564015189,0.7970993519276313,0.797972200348125,0.6543699957298897,0.6543978168310067,0.6657901230483254,0.6670890204410784,0.6698785863576615,0.6597849934344708,0.7200806320354594,0.7202053669642606,0.7286051471521058,0.7310689827679393,0.7305085717261603,0.7299163209455876,0.7683196659761549,0.768390131379854,0.774253958119926,0.777198354580541,0.7809075867467792,0.7778779904787703
61,0.926568090680206,0.9265781503626802,0.9316340456525007,0.9337535845732842,0.9364805404039849,0.936200764162013,0.892781687575994,0.8927933104111325,0.9001978893025545,0.9026057228593506,0.9062904533316226,0.9048976416886726,0.8360545819983287,0.8360707530309326,0.8520300032842072,0.8570257988755474,0.8585565952355483,0.8538214654465452,0.8443477465783638,0.8445748562838334,0.8583172867376843,0.8617029405498083,0.8645519000027875,0.8633856070906873,0.8993186491338409,0.8993323972206635,0.9038249845960667,0.9050666863317425,0.9056002862249992,0.9052191092364643,0.9266693008814976,0.9267144033081176,0.9319948459952031,0.9366132271486526,0.9402529230286713,0.9401520111800764,0.9232132497161804,0.9232606618786796,0.9308263431724331,0.9367687129371435,0.942873303759,0.9425212779756457,0.8628420543519943,0.8628902522614881,0.8689449683932857,0.8737841025421484,0.8747497181166634,0.8738249116278523,0.8565369068764037,0.8565418414694497,0.8605024518059423,0.8649838788096265,0.8667693377056747,0.8652756861959483,0.9018066441999266,0.9018344937108034,0.9067865565720632,0.9082555931534145,0.9096327131647747,0.9091634904115188,0.8887372283597837,0.8887841641342994,0.8955724636034399,0.8974501163754419,0.9004984994085903,0.8991312855816173,0.819597840016015,0.8196097087857969,0.8283477440735141,0.8335162625685942,0.8381688130864353,0.8370197991508312,0.7699987851583696,0.7701544674100729,0.7879041708743268,0.791878611417431,0.7950624859438493,0.7886868853025273,0.7541901121623904,0.754277992870127,0.7678662589906452,0.7752621491514324,0.7775796604931781,0.7748371429651626,0.8550230624268381,0.8551949279155346,0.858831336569652,0.862742804782025,0.8614741808217917,0.8586390542989097,0.8635525338334511,0.8635562976036506,0.8706026692875173,0.8759028316117417,0.8827087878519595,0.8814589923858152,0.8665599101908728,0.8666149200708009,0.8728980173472085,0.8850337563805328,0.8955752749844412,0.893832238779757,0.7815821359830477,0.7819867324796068,0.7898144456213393,0.7907930180141874,0.7910294787687712,0.7906981394115318,0.7968171993931235,0.7973670361162256,0.8043902041987333,0.805985114077937,0.8066986294959481,0.8038586655547327,0.8531976821919167,0.8533565162521075,0.8588777700088518,0.8608265411655875,0.8628909794113315,0.8624272913072779,0.8552530794878628,0.8552781811330398,0.8631487318370282,0.8649227413567963,0.8684600880526316,0.8673937361935192,0.7561879490568613,0.7563821289875731,0.767460610873129,0.7698659572683021,0.7780858226729931,0.776145319250015,0.7158678208897944,0.7174887445410971,0.7348231919257825,0.736572939249548,0.7338849867577217,0.7305441793781866,0.6819172447320273,0.6837093582467042,0.6959106871123087,0.703329809213203,0.7068460462226738,0.7039313692643057,0.8229307964453785,0.8232257413451625,0.8293754530084514,0.83047316814978,0.8312721302531481,0.8252027040988261,0.8048242106486234,0.8048448936088114,0.8125799686489052,0.8190659515450512,0.8233649774627925,0.8236603644334051,0.8124451793149476,0.8128913506007613,0.825229941191427,0.8353719979290757,0.846711740331223,0.8456652396353332,0.7148782162237799,0.715324239895178,0.7239091867664599,0.7269674649842217,0.7245621390402838,0.7211536008221511,0.756175305454629,0.7562593023655124,0.7640254453253369,0.7661535178753063,0.7660515890999766,0.7639844707514928,0.810537565600441,0.8106133743775178,0.816414228599859,0.8180651692781571,0.8204277251274832,0.8184356069711549,0.8213769980128799,0.8229100456015366,0.8302259291316548,0.8320848126301105,0.8364361521150351,0.8354960441031508,0.6949260873908629,0.694934878286912,0.70802445370746,0.7110779108291412,0.7209730584459818,0.7180689912405769,0.6651217628617625,0.6652592276805769,0.6767190684582298,0.6808856669926341,0.6848888995866023,0.6774799269454068,0.6184931540049634,0.6220054774150778,0.6373694916546505,0.6444452781521963,0.6462091037588908,0.6410697646497538,0.7928478884385897,0.7941477635451583,0.7997631902976222,0.8028808843258274,0.7983161082902144,0.8009244216734143,0.7465224027353111,0.7465262531442621,0.7548521527548521,0.7596625468872465,0.7713427863842248,0.770066276780828,0.7584429074037824,0.7584608169500239,0.7679812182084242,0.7815446990182611,0.7966235303905684,0.7958006035454155,0.6543699955349745,0.6550529014593409,0.6637157189162357,0.6682053149624672,0.6654989630873416,0.6626723608632983,0.7200806320354043,0.7224810348527813,0.7299897269658915,0.7311177698765916,0.731481087028985,0.7294049814013803,0.7683196659771837,0.7684261729567274,0.7734618658189443,0.7765296423198792,0.7800913597312127,0.7789462980022441
62,0.9265680906307573,0.9265817718338392,0.9312832091214505,0.934214932981188,0.9366941023026527,0.9355534041270755,0.8927816876290314,0.8929615974868812,0.8989030927992928,0.9033830221155159,0.9059933568547183,0.9056764823346849,0.8360545820648879,0.8364372013136337,0.8532372497423442,0.8569140935061499,0.8587260635220659,0.857010157708376,0.8443477465782363,0.8444377921441248,0.8593021087183224,0.8638199887102243,0.8644352279515796,0.8624184372458072,0.8993186491270381,0.8993450715969731,0.9042205081011483,0.9054784721183775,0.9054374226976017,0.903472586176095,0.9266693008959175,0.9268017645243432,0.933078117482791,0.9361131546572573,0.9396529032801012,0.9405039445671696,0.9232132497161802,0.9232989066799727,0.9301899805889597,0.9365277498584137,0.9432513877077228,0.9422493113847983,0.862842054351653,0.863066586115007,0.8733402855140814,0.875208910132358,0.8745998223858626,0.872430071207826,0.8565369052928455,0.8568734102170059,0.8620199695168488,0.8653309748519034,0.8662957661484308,0.8656300488723396,0.9018066441477842,0.9018162355451819,0.9081988587986723,0.9086110785391455,0.9100836611573263,0.9094163035941716,0.8887372283608096,0.8887482379854263,0.8938937204361166,0.896597074530034,0.9007681241681655,0.8991602486825023,0.8195978400147812,0.8195996057651083,0.8253661084607369,0.8323168524390432,0.8380564718810839,0.8369949851514762,0.7699987851741199,0.7705046386924628,0.7854893048214306,0.7918102547677469,0.7940354270388124,0.789018235808579,0.7541901121594246,0.7543376767595875,0.7722459496323476,0.776493920898359,0.7761484629847721,0.7743077100908276,0.8550230624269974,0.8550826408189283,0.860107450045483,0.8629534232150015,0.862354763607041,0.8591032324668145,0.8635525337525728,0.8636281077482864,0.8726313546523868,0.8773077762019935,0.8812739460345254,0.8816215127883489,0.8665599101886594,0.8666515808168758,0.8752923739309659,0.8860249323755423,0.8940967292636333,0.894160203401935,0.7815821357174562,0.7823847443373748,0.7922270078199725,0.7927416149163529,0.7933014351638763,0.7874420881838601,0.7968171993276087,0.7968890788063129,0.8020601380010335,0.8068709132749656,0.8063605622307084,0.8038040337531418,0.8531976821919594,0.8532024374484917,0.8592525239482826,0.8608808996495515,0.8628346393455693,0.8617248916827598,0.8552530794924028,0.8552620261700316,0.8633847326407261,0.8643413280656549,0.8683740594701218,0.8672720777581593,0.7561879490570326,0.7568493418349138,0.764544211268977,0.7703059118933895,0.7778660974925697,0.7757446127637948,0.7158678208898331,0.7159601057193926,0.7330583204926049,0.7361879067500088,0.7374430358206086,0.7287860255138365,0.6819172447304231,0.6845115268452644,0.6972366267485963,0.7066216869480799,0.7090782162916647,0.7053618936292438,0.8229307963377793,0.8235293282004701,0.8277244310526765,0.8316090139745393,0.8301129930403794,0.8290765908390711,0.8048242106487278,0.8048257330336241,0.8102719780172167,0.8169058909910545,0.8246759593621737,0.8243151549218812,0.8124451793147373,0.8129862313316473,0.8267043428413905,0.8324501331595522,0.8457576507078303,0.8456208614656656,0.7148782162254997,0.7155471993933273,0.7231901325386982,0.7261675038042605,0.7260309738559851,0.721266650268447,0.7561753056093028,0.7566758233263131,0.7637045550129844,0.7655981693425896,0.7655816009392056,0.7627274869705186,0.8105375655982978,0.8106374528183695,0.8145919235233887,0.818705049315182,0.8203913683905515,0.8178923639880035,0.8213769981709762,0.8218214964278672,0.8300511835440926,0.8331130422000802,0.8372630683737867,0.8356398014039991,0.694926087390737,0.6950458735358782,0.7061086550691186,0.7128387661560062,0.7209170175750019,0.7174404877740013,0.6651217627281153,0.6650405900744101,0.6769088401594017,0.6818982843583622,0.6840767475374301,0.67254536635012,0.6184931640784344,0.6190121918909799,0.6354050910299385,0.6449536450740839,0.6462833595822999,0.6429926315092885,0.7928478882558403,0.7930358794858858,0.8000511151110523,0.8026014695377723,0.8004665562563132,0.7932152812586617,0.7465224026590729,0.7465289401277293,0.7509366071328356,0.7615277964557727,0.7706158424287441,0.7702237980196611,0.758442907396881,0.7584713268920554,0.7732567522833044,0.7819885410143496,0.7984898865175026,0.7949749389981516,0.654369995566018,0.6549015004904426,0.6666170101007003,0.667829725994274,0.6674971715250937,0.6602118344382977,0.7200806320358003,0.7202268376346839,0.7292882592857037,0.7310171784194008,0.7312280534241651,0.7283861266203575,0.7683196659779592,0.7685898714401727,0.774519718051737,0.7774116448722541,0.7799654887817828,0.778996431958308
63,0.9265680906309106,0.9266217416458351,0.932289258308171,0.933750672726642,0.9359218285000483,0.9357942865719364,0.892781687576072,0.892786601018867,0.8987397422661897,0.9025472023182941,0.9061540610642617,0.9050119854968764,0.8360545819885097,0.8366827218567259,0.8514222258372091,0.8572261328207031,0.8589920269573882,0.8556893071829453,0.8443477465793797,0.8447911521921249,0.8541601173759161,0.8629901045104338,0.8643975300646363,0.8631481814139917,0.8993186491315515,0.8993371352000302,0.9020021390351002,0.9045010238994926,0.9068932618979895,0.904520256853294,0.9266693008714856,0.9267414619381107,0.9347717278961516,0.9358983984965088,0.9404976157313737,0.941149825774198,0.9232132497196246,0.923367139560017,0.9332146847106629,0.9367513049493853,0.9431105489700213,0.9417352646706076,0.8628420543519896,0.8628470897199682,0.8712254803517008,0.8747111004636388,0.8743448986324074,0.8737743022767361,0.8565369052923217,0.8565783090829253,0.8627138711830683,0.8647128241213963,0.8665359798397674,0.8651313917715528,0.9018066441091949,0.9018263665126892,0.9067649207638119,0.9086763884933334,0.9097335898496222,0.9091983770623459,0.8887372297756743,0.8887635084041885,0.8950583847813165,0.897298276062876,0.9005545437833689,0.9001355930073046,0.8195978400391223,0.819604295706266,0.8278725538894344,0.8334692235757191,0.838601096033271,0.8369049575786887,0.769998785169021,0.7708087526588117,0.7908210532240119,0.7896992052625535,0.7921051605404925,0.7864382728354943,0.7541901121574565,0.7554196721734114,0.7731146908572726,0.7744463077985299,0.7769462764734187,0.7746463754844294,0.8550230624268135,0.8551183717564554,0.8614516217404495,0.8616081249209436,0.8601851583507043,0.8614831167621658,0.8635525337288219,0.863574877861888,0.8687708392860578,0.8756399062344563,0.881626205819944,0.8798914121768291,0.8665599102859749,0.8665957006150505,0.8820050447006669,0.8852894342766237,0.8947248575144222,0.8930299566401846,0.7815821358779134,0.7817720868039884,0.7907822259029861,0.792550685357915,0.7930235208854595,0.791025452722586,0.7968171993638733,0.7969622534710548,0.8020197476874228,0.8061720231551529,0.8065529321104745,0.8036371123236801,0.853197682192122,0.85322701965499,0.8583379242905806,0.8613894470564074,0.862943372988109,0.8611226952775818,0.8552530794885298,0.8554294635512216,0.8607918756788685,0.8643552441132031,0.8677551732449329,0.8672393789639234,0.7561879493798622,0.7562515132497841,0.759939784500127,0.7699294257126743,0.7775019941047868,0.7769695734069367,0.7158678208900429,0.7162209990173405,0.7329585668945295,0.7344939643946491,0.7380540058080826,0.7306788351187661,0.6819172447385424,0.6827313419633216,0.7022855034731061,0.7067050578962029,0.7086386558187193,0.7035154952181815,0.8229307963365335,0.823261914147928,0.8295338470884865,0.8299929514834372,0.8271822234073128,0.8269598232265662,0.8048242106493608,0.8048517629344807,0.8088955697370233,0.8198741807294194,0.8240674589425359,0.8251407823118003,0.8124451793147148,0.8125112536894545,0.8214191862105279,0.8344275646261163,0.8475798206042583,0.8452533854978473,0.7148782313852793,0.7151534831890431,0.7248420291321629,0.7260668795972391,0.7264381608989487,0.7229892715184268,0.7561753429710132,0.7562929562731053,0.7646132894811022,0.7659041477085884,0.7649621248898643,0.7638992586859663,0.8105375655981159,0.8105485029986237,0.8155716887561697,0.8183467712551521,0.8200269867498563,0.8181127197929121,0.8213769980163252,0.8214933161048076,0.8279371143814301,0.832861777368941,0.8361611407703232,0.8355535789192593,0.6949260873907379,0.6956186119867628,0.7061694145944026,0.7107462089068463,0.719792708524783,0.717277833570955,0.6651217628542884,0.6651203930311155,0.676100347501916,0.6829282418008609,0.6824877152258666,0.6757592733854152,0.6184931527676201,0.6188144435003202,0.6402443681507238,0.6433719315986512,0.6486679530428197,0.6428301320160374,0.7928478882558401,0.7930239680769854,0.7989633322212603,0.8031750203343986,0.7994951009793687,0.8002335147074274,0.7465224026811219,0.7465255751162225,0.7542790279894629,0.7613933695328394,0.7708993138829628,0.770367086060464,0.7584429074750935,0.7587001261056849,0.7722056122189702,0.7818333774517372,0.7960495864107678,0.7957181860028428,0.6543699955663707,0.6545837752389074,0.6637433048624238,0.6688874810710039,0.6692373610162556,0.664102734451584,0.7200806526455631,0.720744897123097,0.729347019628235,0.7309828986576616,0.7306889974352467,0.730061288225326,0.7683196659804931,0.7684209548462888,0.7745032792020602,0.7762191913471173,0.7809236636860231,0.778292003439573
64,0.9265680907882837,0.9265725429110369,0.9320006163879131,0.9339921490216652,0.9364731034752767,0.9359949192266404,0.8927816875769726,0.8929208992936634,0.899642425407693,0.9033324651578301,0.9064070551038864,0.9055698193070794,0.8360545820357541,0.8363242003190529,0.8525756691161079,0.8566728449319057,0.8582826252972586,0.8565945776385717,0.8443477465780878,0.8447585119271174,0.8548324826529954,0.8629672688852914,0.8646161285598579,0.8621296561668761,0.8993186491270959,0.8993637290604402,0.9020923192496795,0.904952674124515,0.9065684586143887,0.905211918495005,0.9266693008721318,0.9266787728824507,0.9311535403587116,0.9377539189348835,0.9410505617446389,0.9402589179636219,0.9232132497228561,0.9232154666104071,0.9316653905098585,0.9385398466136415,0.9432169432555312,0.9420614573580303,0.8628420543516315,0.8629044046188536,0.871348009682317,0.8756181646919287,0.874044581295456,0.8737677264740036,0.8565369052923212,0.8565827453486354,0.8608192433654287,0.86539255300405,0.8661172219526696,0.8649785377879188,0.9018066441181658,0.9018313116921499,0.906639924574661,0.9079743012694309,0.9097830779915992,0.9091875576331158,0.8887372283578328,0.8888955388964229,0.8948470075065111,0.8965829137152372,0.9002458229642859,0.8993547956046509,0.8195978400160172,0.8196430563850525,0.8272264687751726,0.8318052622696857,0.8378187065810101,0.8371029325166838,0.7699987851559102,0.7700891907696649,0.7876806404882044,0.7933643389760985,0.7918586076315505,0.7873248683809526,0.75419011215778,0.7543283273283158,0.7702530653954395,0.7772608667052977,0.7786693092718688,0.7733576191329904,0.8550230625039514,0.8550317747430084,0.8584944291630464,0.8631077870615624,0.8603311242620184,0.8600100230460959,0.8635525337301048,0.8635559358985135,0.8707373278982896,0.8763419129602787,0.8812624937885334,0.8818896472206712,0.8665599101400816,0.8666405604809813,0.877765621463798,0.8850967670865295,0.8944292390501973,0.893928282937191,0.7815821357151933,0.7820374079301596,0.7920185750325187,0.7927238383831933,0.7929955002696212,0.7880449001819828,0.7968171993114164,0.7968279497936761,0.8009624095108524,0.8063626404060003,0.8062640123435809,0.8051948594841816,0.8531976821919152,0.8532292431528552,0.8586384473054094,0.8603121413679473,0.8626727558457722,0.8614504595965833,0.8552530794878528,0.8554936022443336,0.8607972515483433,0.8643110947451245,0.867697106757046,0.8659225275097451,0.7561879490586569,0.7565850998534167,0.7622507257957393,0.7714997060166139,0.7780201865813031,0.775928019036292,0.7158678209855773,0.715875224072263,0.7285104588617455,0.7350847516457961,0.7358865046985266,0.7299730468068066,0.6819172447369664,0.6852905178237881,0.6995403012190623,0.7064788810520348,0.7080137874522086,0.7025114729530929,0.8229307963366136,0.8229802978598604,0.8298915396825288,0.8314901642056873,0.8309274743675864,0.8237140249231393,0.8048242106486292,0.8048779388083238,0.8114442545997094,0.8179267323893611,0.8241011676938601,0.8236371598199443,0.81244517932412,0.8124630587987464,0.82297030936472,0.8363284369516795,0.8467093731584653,0.8457509384455295,0.7148782164457015,0.7152237223258713,0.7247948812517939,0.7263510633738708,0.7263854714700952,0.720159121073649,0.7561753073855298,0.7569616187051941,0.7642513619648912,0.7653682307578351,0.76634643904057,0.7639043478611518,0.8105375655981795,0.8106640724605854,0.8164902090195826,0.8183343328109401,0.8204778404192151,0.8170585779334507,0.8213769980128813,0.8214090971200252,0.8295711442117655,0.832581719377584,0.8357171841904291,0.8350069632005759,0.6949260882953032,0.6965080550200439,0.7035811459108161,0.7122369337589374,0.7210338373866277,0.718534060568451,0.6651217628541819,0.6651816322339656,0.6768618626489338,0.6858272583994356,0.6811669557912812,0.6755937881102728,0.6184931523118109,0.6198853214041639,0.6373642178880419,0.6454063822898155,0.6464251683020552,0.6439013290271967,0.7928478882558443,0.7930201585752217,0.8004684212845513,0.80131763549211,0.8010545227528355,0.8003981026006405,0.7465224026913648,0.7467655068019539,0.7561413351415351,0.7625047612236109,0.769532487031092,0.769981073050658,0.7584429073995818,0.7586009598406981,0.7751675393987834,0.7815701667337257,0.7983560615269175,0.7965293165889992,0.6543699955414206,0.656617607516025,0.6669721963858973,0.6664346741667291,0.6680929231195631,0.6593352519417416,0.7200806344898505,0.7210683453947262,0.7291219613604039,0.7316209610844235,0.7311679062466063,0.7280607204657266,0.7683196659781282,0.7684419190528413,0.7740850426273057,0.7774304442202559,0.780467206012392,0.7778813340388954
65,0.9265680906307573,0.9266202461189068,0.9323047616141156,0.9336430531874742,0.9361948947229649,0.9353353003558292,0.8927816875760738,0.8928166316250374,0.8999079192622721,0.9021270142563905,0.9059221446354255,0.9053894807587821,0.8360545829797978,0.8361531983941255,0.8542824808011747,0.8579343272952517,0.8589107185930283,0.8537516681860962,0.844347746631077,0.8444954602390065,0.8577840569468764,0.8638248039773965,0.8636162784552817,0.8628934267407703,0.8993186491271081,0.8994784488054637,0.9011822784118282,0.9046434803037853,0.9065958389029279,0.9045298041079355,0.9266693008714803,0.9266943170520313,0.9315570721181731,0.9369516341343728,0.9405208115774873,0.9404719924271877,0.9232132497162069,0.9232359153197024,0.9323131038185533,0.936506206590082,0.9429904312954233,0.941563067417009,0.862842054354817,0.8629179988991312,0.872281383737586,0.8726671497042321,0.8753420142133324,0.8748315972736644,0.8565369052929177,0.8566305997047349,0.8632938578538857,0.8657318384695881,0.8665606103475766,0.8654955162036715,0.9018066441092023,0.9019003565632048,0.9062285785198405,0.9087452038600158,0.9099242538687409,0.909527703356771,0.8887372283574724,0.8887547154220602,0.8925919990005159,0.8966875651610178,0.900771254352442,0.8990767587832399,0.8195978400149048,0.8199090323735931,0.8287557573357163,0.8327636982536224,0.8386203833081531,0.8370712544727972,0.7699987851559076,0.7703911768419838,0.7893997871757557,0.7904772196444008,0.7941891314823704,0.7890615690820564,0.7541901121579359,0.754505227670815,0.7699655668080341,0.7755848734762418,0.7779657289984723,0.7728566739815667,0.8550230639897254,0.8550905318886528,0.8595601584655191,0.861669252421533,0.862485809035349,0.8593406025703942,0.8635525337364957,0.8637096155372876,0.871023064991814,0.8756457184933527,0.8813031236739037,0.881524523927627,0.866559910135734,0.8666430610413629,0.8784765294088837,0.8862681388349655,0.8940842476848292,0.8928977863962049,0.7815821357301567,0.7819039351336371,0.7880794270051932,0.7948985149654454,0.7924936180790294,0.7880935583618925,0.7968172005531957,0.7970602771602319,0.803599060789411,0.8052953477709393,0.8069284441710698,0.8045864411369564,0.8531976821919105,0.8532040348834226,0.8567986590429975,0.8599640075421076,0.8626989221065708,0.8612299170721526,0.8552530794878541,0.8552574286586337,0.8620196509352283,0.8657689660017538,0.8688657967363711,0.866765534374025,0.7561879490568892,0.7564114077105182,0.7675381427362328,0.7718625326588024,0.7781622806389797,0.7763385106192763,0.7158678209455382,0.7159967370706817,0.7328054363001268,0.7378600078592803,0.734057176309558,0.726761361224779,0.6819172447306734,0.6833102602975604,0.703002850491359,0.7062484278387626,0.7077012217377976,0.7044254078727227,0.822930796336648,0.8229344893113927,0.8284711549099144,0.8296658929960691,0.8310623101896754,0.8278154514107954,0.804824210649272,0.8048637073650078,0.8117742668851922,0.8169964782918341,0.8254296656246167,0.8245199630201359,0.8124451793147331,0.8125640974664331,0.8254321708074214,0.8314393936273144,0.847184912677879,0.845110465014846,0.7148782168778933,0.7149553540282292,0.7266104667635385,0.7266112626216323,0.7240853197811918,0.7226960222788612,0.7561753167355587,0.7588049729637658,0.7640672898295469,0.7656301375425987,0.7646636601011124,0.764074835447343,0.8105375655981161,0.8105536577995636,0.8161605842053576,0.8179626844012522,0.8206743870805815,0.8186670056172367,0.8213769980552736,0.8214359450975739,0.8279902480040139,0.8328612235990618,0.8372977818323362,0.8354031528639669,0.69492608739084,0.6949870513268728,0.7038510743408328,0.713270483743301,0.7210969271592365,0.7169472529454985,0.6651217628541936,0.6652002832942443,0.6790373765044226,0.6831130284857373,0.682085035647825,0.6738846296814487,0.6184931522791526,0.621814211851804,0.6379814826148146,0.6446686102328358,0.6454808694319587,0.6400589161315131,0.7928478882559377,0.7933452682315113,0.800305250755586,0.802641796819507,0.8003739487202131,0.7962708411679273,0.7465224026592077,0.7465242448994248,0.7573832632334301,0.7582465567159822,0.7713411799286479,0.7683053093366823,0.7584429073969312,0.7584508730448462,0.7738787714851185,0.7828815562238105,0.7971394829565875,0.7958687145098546,0.6543699955424779,0.654480304417822,0.6637366873330041,0.6670360356884835,0.6681205592637169,0.6617292952423146,0.7200806325763325,0.72146878018951,0.7277013896006292,0.7309905517470389,0.7325846586728174,0.7303629153301612,0.7683196659779611,0.7685704825617566,0.7744626787649291,0.7755004090313874,0.7796400870615147,0.7786767324872093
66,0.9265680906373236,0.9265858943582864,0.9319220659972465,0.9338280177490029,0.9362337776280167,0.9359775571086544,0.8927816875961858,0.8929219370255184,0.8989386713879388,0.9034520837452331,0.9062373355537772,0.9049958628493722,0.8360545820911159,0.8361545658399889,0.8530428437117037,0.8571240699550763,0.8587063260983444,0.8546616884888107,0.8443477641164492,0.8445796904416627,0.8569472685853192,0.8633143448299545,0.8631742920676974,0.8619464314348966,0.8993186491270344,0.8993632025237759,0.9029147736460487,0.9058961923070586,0.906164242223235,0.9036173672485217,0.9266693008714246,0.9266732506143831,0.9319943351074875,0.9365917100147982,0.9404533131396828,0.9404098763372187,0.9232132497218309,0.9232339510896604,0.9328872965179758,0.9383567057523502,0.9432634198970221,0.9417110001889829,0.8628420543516468,0.8630153154650491,0.8719431574661713,0.8740977270896243,0.8745319632602042,0.8729032757578069,0.8565369053342526,0.8565431022561634,0.8633761893966763,0.8649159541761993,0.8668902125464303,0.8655713112163193,0.9018066441097004,0.9018806029728844,0.9060717878995402,0.9085046623403127,0.9102546351182838,0.9088602742901145,0.8887372283576521,0.8888874407519964,0.8957401236344327,0.8973010121506645,0.9004186131148834,0.8988718452476389,0.8195978400146766,0.8196503321098498,0.8277866920677848,0.8318873756545381,0.8386526614353831,0.8373172408914857,0.7699987851643035,0.7703543171263122,0.7893120330001755,0.7899804113057249,0.7901269928824969,0.7880789538796245,0.7541901121576478,0.7544459613696246,0.7729636103628198,0.7753578298013255,0.7771223916212897,0.7736732181888134,0.8550230624299487,0.8551576359090305,0.8580548743179202,0.8612133484889458,0.8616233076080853,0.8617321053920401,0.863552533728812,0.8635666268741101,0.8688756505639837,0.8765807507149019,0.8814996644559157,0.8813120016788889,0.8665599101353876,0.8666633236878358,0.8757917905290186,0.8843891603240766,0.8950384771693629,0.8946705966129983,0.7815821357146284,0.7817247127024276,0.7906858515665672,0.7925827434121419,0.7910262256690598,0.7899391242938206,0.7968171993146089,0.7971036054488861,0.804785837431647,0.8061950602384464,0.8070136605634866,0.8044648621225825,0.8531976821924288,0.8532271671111588,0.858842494580792,0.8604371721122548,0.8628885576188758,0.8609280659843624,0.8552530794878513,0.8552646762034859,0.8627635331975734,0.8652642832989029,0.8686188755872841,0.8675351356923915,0.7561879491541227,0.7571397072161349,0.7680930265466831,0.7712629464401912,0.777890021076224,0.776274046262519,0.7158678208899503,0.7159154038361333,0.7303402730031885,0.7348866493124562,0.736119467396682,0.7297455555851301,0.6819172479888895,0.6823126570247862,0.6981567770664721,0.703974212241107,0.70844352989892,0.7030664339916939,0.822930796487096,0.823346491314102,0.8276832944515029,0.8309308899132188,0.8317645661610146,0.8214146284680119,0.804824210648982,0.804857997693365,0.8118797397146067,0.8173555294248421,0.8245187802359878,0.8237175651870827,0.8124451793182826,0.8126646163340485,0.8229407436086428,0.8311658031242772,0.8459371464413334,0.8463607705272272,0.7148782162217213,0.715342671918382,0.7248161036238971,0.7275851952456848,0.7255645096485974,0.722970990153966,0.7561753064987246,0.7566117837611416,0.7633563352205935,0.7658753557659674,0.7661001361969568,0.7639988262061228,0.8105375655981161,0.8105478639480532,0.815272605152421,0.8189336300470752,0.8195793559940904,0.8187141230243403,0.8213769998827836,0.8214516459221346,0.8302295752577439,0.8328083834869985,0.8366412031690353,0.8356341592491028,0.6949261008766314,0.695030488258962,0.7059603979441147,0.71308838645637,0.7196272762891294,0.7192791156048388,0.6651217628554955,0.6653026212497668,0.6751312659993918,0.6827347232654095,0.6827186834551051,0.6750390471660088,0.6184931523029,0.6193454274494801,0.6372583682673989,0.6420328136035174,0.6452496074134033,0.6436255148569444,0.7928478882607198,0.7949869472980178,0.7995645932924618,0.8018231970788342,0.8013878658767636,0.8005012940970142,0.7465224026590729,0.7465345358521813,0.7572804921780618,0.7635703538403633,0.7693402608551329,0.7685826038325942,0.7584429075125223,0.7584636822565335,0.7738967298436423,0.7803648209192744,0.7988909782617537,0.7974624103425026,0.6543699955349891,0.654449448532026,0.6659186578841115,0.6682314244081696,0.6690071999829765,0.6637327668076143,0.7200806320354253,0.7220304364179145,0.7288277698341916,0.7316985628411591,0.7308068012955528,0.7282264940426739,0.7683196659797843,0.7683765224034991,0.77263529435638,0.7776313940081033,0.7804212568015675,0.7782932107220565
67,0.9265680906307583,0.9266365582588697,0.9316901707976595,0.9341339479320371,0.9365830192066624,0.9362000517841074,0.8927816875860507,0.8928054200458809,0.8988766726935038,0.9027978912948553,0.9055049052280197,0.9055122809320736,0.8360545851936267,0.836213546565974,0.8552453388098761,0.8542889006428627,0.8597720641271003,0.8563533470319564,0.844347746578761,0.8447221105643815,0.8588298220615767,0.8629536329764859,0.8646750944139174,0.8621967669574139,0.899318649127115,0.899383652989383,0.9037537624182901,0.9049336124850395,0.9062132581827982,0.9047884568770763,0.9266693009345264,0.9267258483747928,0.9332886948465641,0.9368597777367365,0.9409689135095887,0.940888623836244,0.9232132497161801,0.9232242839710051,0.9308644293856975,0.9362387283106862,0.9414595006091817,0.9423828779846697,0.862842054351956,0.8628689160707412,0.870897229878483,0.8741109164786114,0.8756251098827587,0.8739694455281632,0.8565369052923111,0.8565523941967862,0.8612506598342212,0.8653840371603071,0.8671402130166406,0.8651994338523177,0.9018066444437308,0.901890855616244,0.9079628956510372,0.9082882387346424,0.909431057810689,0.9093820257686158,0.8887372283578896,0.8887564018586172,0.8943696171265483,0.8968892647696483,0.9000610155266492,0.8992488936197763,0.8195978400862065,0.8202086812598108,0.8280345437587325,0.833167513085242,0.8386847010755875,0.836730532429521,0.7699987855084403,0.770410446490081,0.7858429008766252,0.7936735914796839,0.7916905746279165,0.7886026612322902,0.7541901136417734,0.7547228458086882,0.7652343490451476,0.7760461267852614,0.7784256809616037,0.7729847048840331,0.8550230624441746,0.8552652778260765,0.8595614936139746,0.8614542208715463,0.8627612087531314,0.8598181084378469,0.863552533731318,0.8635824080170326,0.8681783100799563,0.8762823773604628,0.882019263883913,0.8809475894810496,0.866559910135661,0.8665720280859361,0.8801473014598472,0.8856431489372432,0.8948343824697593,0.8936566001092762,0.7815821357145485,0.781708586773668,0.7885979835225478,0.7929382301816124,0.793772878180038,0.7908342213828081,0.7968171993127187,0.7971531579874442,0.8028149058990445,0.8056358981875649,0.8070016347831711,0.8052320930603025,0.8531976821919101,0.8532504588015359,0.8556818933271944,0.8614651583540446,0.8629377545927903,0.8610045889065248,0.8552530795412041,0.8554578857147932,0.861799583926874,0.8643146232777779,0.8679884524017591,0.8671310639348255,0.7561879490568588,0.7562117526498939,0.7670346398535479,0.7706666481761175,0.77788540835472,0.7767857784646532,0.7158678208943887,0.716363975083526,0.7333429988529605,0.735347948135817,0.7391839323796636,0.7312734333713282,0.6819172447313648,0.682660368350077,0.6972144430592819,0.7040504835881582,0.7067933993859677,0.7048474676678003,0.8229307966475521,0.822982547091042,0.8288683475117908,0.8313013828222642,0.8284721873758494,0.8278173246838452,0.8048242131875725,0.8048276408697089,0.8119285405324222,0.816851358322966,0.824511924446812,0.8248455884231045,0.8124451793248062,0.8129796643035805,0.825495017579585,0.835046211211523,0.8460272713453016,0.8454776728731198,0.7148782162195542,0.7154611868778007,0.7258503318548144,0.7274619058757816,0.7261363481233433,0.7211183372574899,0.7561753054544047,0.7569088094768254,0.7637560672034192,0.7651182318208676,0.7661789842807757,0.7618713941787582,0.8105375656543864,0.8105409373906977,0.8168525661122976,0.8185005678643025,0.8201783003448684,0.818679315418722,0.8213769980158283,0.8216182190824578,0.8298297637462109,0.8320153067903472,0.8356956612098729,0.8359332336472043,0.6949260873907758,0.6950087145789848,0.7056163861302889,0.7102114559290241,0.7203248176849582,0.7185786502312976,0.6651217633825781,0.6651286124992102,0.6772127512344293,0.6814249982270006,0.6844490547609572,0.6739363011146764,0.6184931522923224,0.6206475777429045,0.6381163652752971,0.647345326051284,0.6457985301568689,0.6409118817964653,0.7928478883629437,0.793114396845234,0.8003443238681822,0.8019115129841597,0.8022302932449759,0.8012379578733833,0.7465224026590729,0.746594472446675,0.755176120939035,0.762046155792781,0.7680842512533042,0.769619852772212,0.7584429075460994,0.7584669105553629,0.7771617389630382,0.7833077676920939,0.7989803723901174,0.7953215302462459,0.654369995535117,0.6545573337691386,0.6666872206268835,0.6675365186801749,0.6661729656385853,0.6627738388509486,0.7200806320415671,0.7213458072826597,0.7306495453933176,0.7316430367618872,0.7312324492122926,0.728928091173626,0.768319665977958,0.7683480811759743,0.7749689956576808,0.7773418632542014,0.7798033563191595,0.7775334941964778
68,0.9265680908624349,0.9265838673405533,0.931389552499253,0.9337326464438821,0.9365214786779912,0.9354906367331046,0.8927816875759873,0.8928620311853791,0.9002126629607707,0.903081081681122,0.9062914767799282,0.9056161284836548,0.8360545819883085,0.8362542698755177,0.8551223636803981,0.8564205066001657,0.8582927869319295,0.8533301240022638,0.8443477465783603,0.8445326126242991,0.858974199534818,0.8617425863533295,0.86434954911794,0.8620740821027542,0.8993186491270548,0.8993347813953523,0.9023837729941663,0.9050348210706562,0.905606438920622,0.9039935984717165,0.9266693008741719,0.926679252854734,0.9320959276308352,0.9366378396598267,0.9407580714509503,0.9408873101140479,0.9232132497161887,0.9232391822598469,0.9329304477765378,0.937015784538427,0.9430494083840086,0.9423794234168512,0.8628420546409007,0.8628306702856198,0.8717272953149737,0.8730598899142752,0.8751473210028794,0.8743433840135606,0.8565369057564591,0.8566446186420431,0.8633551595260835,0.8649333903042025,0.8665757497075859,0.8649188968434671,0.9018066441080129,0.901853818894883,0.9070885970250672,0.9082184229109208,0.9105294637085141,0.9089549490143078,0.888737228357464,0.8888412372303582,0.8959676125344538,0.8981753386731834,0.9005451955402166,0.8988066516320965,0.8195978400148511,0.819723124386315,0.8276643082815862,0.8324606665726334,0.8385618446814462,0.8366586791551552,0.7699987851570091,0.7701055307780423,0.7876834532663146,0.7909976426323198,0.7942323169276319,0.790612808289228,0.7541901123736897,0.7545295725524381,0.7700468226477674,0.7775180736559555,0.7778926894429008,0.7750879743129012,0.8550230624268135,0.8551470364952053,0.8578031489469831,0.8618433179695202,0.8599780659520065,0.860458670387231,0.8635525337289849,0.8635699358208836,0.8716607720628667,0.8748726009665924,0.8822108017415224,0.880100439656717,0.8665599101354604,0.8666708385472193,0.878037505866803,0.8845398542661023,0.8950328465346871,0.8917504386872028,0.7815821357145262,0.7816088187239874,0.7879411152158617,0.7941749295059486,0.7917102505473463,0.7915995200064567,0.7968171993117201,0.7970453381151809,0.8047813151408152,0.8057626161606678,0.8065277051734769,0.8046601055846337,0.8531976821919776,0.8532248041564156,0.8567149080831551,0.8612717907695207,0.8626031252899466,0.8613289740462325,0.8552530794943343,0.8553044079897772,0.8612203771720988,0.8644834029730796,0.868005130413781,0.8672414249373771,0.7561879490568633,0.7563481186338632,0.7639303927239246,0.7703405098758889,0.7779124439036462,0.7757145463889579,0.7158678208903398,0.716118143963905,0.7326334511846404,0.7367631322215564,0.7350415100296235,0.7325308700741142,0.68191724477081,0.6824734516390115,0.7001895980686396,0.7042656815728564,0.7070208485476949,0.7038129969294811,0.8229307964798245,0.8238837439342209,0.8282330376377816,0.8308742168949717,0.8317873804726217,0.8288380582969342,0.8048242106486277,0.8048479535612107,0.8096804353661968,0.8176200161676745,0.8243058929024769,0.8246573925879294,0.8124451802319161,0.8126237872843078,0.8226039750087916,0.8327354906087121,0.8468827968940279,0.8461971941150264,0.7148782162248672,0.7152406347217266,0.722725574895661,0.7252343037784834,0.7270634337524884,0.7222582449190345,0.7561753054543519,0.7564070660937651,0.7642499376179972,0.765501355499415,0.7652264580731695,0.7634086737220268,0.8105375655988434,0.8105534268930557,0.8158579679681118,0.8186257792404705,0.8209313005040542,0.8189640781846383,0.8213769980130403,0.8214964866711127,0.8286231817884201,0.8333555034771589,0.8372919060456632,0.8353419159896185,0.6949260877746564,0.6950856146766786,0.7041011799825745,0.7119808307445675,0.7193390882705486,0.7188185148596438,0.6651217729601144,0.6651669038311361,0.6749082192356975,0.6808622784510714,0.6834030753216069,0.6752277481964414,0.6184931522948712,0.6187066114239985,0.6375064588268269,0.6408190064906896,0.6463764797513933,0.64256316333279,0.7928478882562375,0.7930011452712264,0.8000336601421122,0.8027791557377864,0.7975346627542887,0.7983918541766293,0.7465224027056883,0.7465414798720564,0.7548875793379931,0.7626229572457216,0.7685002840006291,0.7696099757850321,0.7584429076593727,0.7585269388018462,0.7704764505540145,0.7884193778086159,0.7979344420681513,0.7972167050147618,0.6543699955349849,0.6551397102698948,0.6681794413115358,0.6665295090727744,0.6664017132210325,0.6650654683791817,0.7200806320354335,0.7203196586184357,0.7297036455746353,0.7313243271563765,0.731819259466119,0.7282337962380043,0.7683196659779583,0.7683472414591881,0.7748667016154535,0.7771844727647994,0.7798392943027682,0.7781700483028589
69,0.9265680906307687,0.9266030541609583,0.9315866083072032,0.9345478557881752,0.93642017819657,0.936100261738896,0.8927816875759893,0.8928663189776673,0.8969559292423072,0.9039285093200841,0.9060795924514123,0.9054862682384646,0.8360545819897924,0.8368483861973798,0.8559923552089516,0.857291980759467,0.85873468850744,0.8560292555293498,0.8443477465783537,0.8443669222140586,0.8544327301486876,0.8632862763351055,0.864240667107926,0.8625067428038701,0.899318649127038,0.8993202247286468,0.9032428323643561,0.9046107951573145,0.9039132076335115,0.9055734561516219,0.9266693008714794,0.9266914110554016,0.9326358511248725,0.935945035725913,0.9412552571270062,0.9401035193832654,0.9232132497161843,0.9232230020212229,0.9318772004923516,0.9371777538168489,0.9424049819980486,0.9419079042548004,0.8628420543542001,0.8628899191940376,0.8735505299512757,0.8754905807816341,0.8749968803373517,0.8743414355637908,0.8565369052923114,0.8565944143992186,0.8611650708633836,0.8644246848504139,0.8669278553386673,0.8645148353169797,0.9018066441249915,0.9018455054514989,0.905466378008037,0.9088151732250809,0.9098736064365008,0.9087679066150411,0.8887372283578195,0.8887384992062269,0.8944739743850874,0.8970382725660659,0.8997685366837801,0.8996247166787252,0.8195978400179744,0.819625936827103,0.8293908117128089,0.8332766518562816,0.8371246864557377,0.8361891074452534,0.7699987851558883,0.7703502856077259,0.7855070477808023,0.792300387831738,0.7928587064575611,0.7914512161329572,0.754190112172558,0.7545329301646538,0.7684693079741952,0.7757133114951067,0.7792428719665105,0.773927022590004,0.8550230624268331,0.8555487127151921,0.8602192538257033,0.8616046914293813,0.861815699296419,0.8597216326413833,0.8635525337468785,0.8635707259844856,0.8712404064349358,0.8771479134004251,0.882025724143162,0.8812417164514647,0.8665599101426491,0.8665758521780671,0.8786341474622056,0.8827759334524456,0.8945667502871246,0.8955458961062003,0.781582135714894,0.7820944115599369,0.789309048892564,0.7917669102526078,0.7940301186337635,0.7879552080338976,0.7968171993128781,0.7968390980880393,0.8033800814955877,0.8059815830891383,0.8069631356570258,0.8052339171327482,0.8531976822145346,0.8532013714061646,0.8580910992582059,0.8611179634976301,0.8631850289879331,0.8618766230024009,0.8552530795005145,0.856063401763035,0.862347779870111,0.8646789554033354,0.8681127746637646,0.8679724546669756,0.7561879490568554,0.7563605765673445,0.7678378584188422,0.7706970204372539,0.7783565322565782,0.7754050942385918,0.7158678213186839,0.7158719367679816,0.7314612792958212,0.7346521254538585,0.7385341073300828,0.7312039075290189,0.6819172481704229,0.6827669017165658,0.7002283051017322,0.705358424683344,0.7071019691884783,0.703962247400028,0.8229307963390136,0.8230071260231235,0.8279944730311812,0.8303603495006794,0.8275690471349423,0.8287900004935189,0.80482421064864,0.8048249852862936,0.8127617765514563,0.816481809242388,0.823121866806408,0.8244109390071311,0.8124451793149925,0.8133190165316225,0.823399310667755,0.834790983755965,0.8474684529398151,0.8469647787390935,0.7148782163023933,0.7156203980411175,0.7269491112809032,0.7232297096798002,0.7231446859533472,0.7185609313960106,0.7561753055681762,0.7575157277354386,0.7639437366969196,0.7661424825399848,0.7654068211385752,0.7634501899499009,0.8105375655988627,0.8105955419293033,0.8143665349567384,0.8184409547036845,0.8211166459214502,0.8188223151556823,0.8213769980128869,0.821565123911661,0.8275172856876148,0.8317508884648155,0.8367633185015247,0.8350560677546617,0.694926090289173,0.6950852335490016,0.7051364400995095,0.7090887055625061,0.7212363055564993,0.7179992898866343,0.6651217629201334,0.6672335933614779,0.6776072937405964,0.6826319164723793,0.6812576419733198,0.6760012853549271,0.6184931539142778,0.6212094124747466,0.6419944149130945,0.6413310110599073,0.6474125058045764,0.6414775581866333,0.7928478883971705,0.7933686246641101,0.8003002113817254,0.8025949778104429,0.8017152494209197,0.8013514201746337,0.7465224026609887,0.7465448312417995,0.7517172298098173,0.7581816492656495,0.7686330711265736,0.7681994762976025,0.7584429073968815,0.7584984930434345,0.774969970803041,0.781256737852651,0.7971118158175121,0.7968052566289415,0.6543699957144151,0.6559162964732612,0.6651545576501054,0.6658411219403315,0.6684606523249516,0.6641361398010103,0.7200806320354219,0.72017801148031,0.7285914398054258,0.730834035430995,0.73153103220849,0.7287231093676756,0.7683196659779656,0.7686950435948812,0.7742033161302647,0.7762823935457414,0.7806641359073196,0.7760446426426653
70,0.9265680906364779,0.9265920098880107,0.9319721588087605,0.9341070686064445,0.9367552903541246,0.9358194201043443,0.8927816876112358,0.8928037456077661,0.8983882666266677,0.9034508291096564,0.9054716577858997,0.9055870520210554,0.8360545820481687,0.8363227538315365,0.8551630739090659,0.8565940514844426,0.8589636439726829,0.8552534307005468,0.8443477465781537,0.8445347556821456,0.8602858265252157,0.8632760493323246,0.8641938258004147,0.8623783893358746,0.899318649127088,0.8993371511465296,0.9032706538032877,0.9048547981158316,0.9058165884279394,0.9054421911377648,0.926669300874941,0.9266954967119742,0.932684915145864,0.9367866770029321,0.9413187249080907,0.9401141551647423,0.9232132497194931,0.9233296931894251,0.9327136380693524,0.9364844425014018,0.9422400548517263,0.941961664713972,0.8628420543522652,0.862872452884587,0.8705007770460547,0.8715605763291042,0.87542610808321,0.8732383745708765,0.8565369052923973,0.8566063845837161,0.863114327977375,0.8653409470924569,0.8673542200128138,0.865429466636967,0.9018066441953567,0.9019469238218815,0.9061245342365088,0.908387086116502,0.9098009132251083,0.9091132842742902,0.8887372283575304,0.8887378555850012,0.8964058770591484,0.8971961855898801,0.9008509987775297,0.8990315249409018,0.8195978400194348,0.8196345198721859,0.828958027803241,0.8331428877786764,0.8373293210493838,0.8353484161785565,0.769998785155924,0.7700710563558885,0.7882225540261043,0.7908546525593352,0.7935684616985879,0.7901356279879602,0.7541901127081756,0.7544309844171381,0.7738336493310585,0.7752711667431799,0.7762446580998792,0.7735561631574079,0.8550230624570974,0.8551696535478468,0.8605501098885555,0.8631257571694488,0.8594070436057294,0.8593122617275745,0.8635525337296046,0.8635624253275401,0.8698716906016987,0.8759960024816922,0.8807836620059881,0.8810254968132187,0.8665599101972292,0.8666465334636456,0.8774645420622703,0.8869015978611731,0.8953246363635539,0.8938817955706065,0.7815821358774686,0.7818031327976839,0.7912841226703096,0.7926426817329572,0.7916776453398152,0.7895675962399309,0.7968171993492427,0.796866753912311,0.8029475654073196,0.8056499209003647,0.8071386313950957,0.8048743291442997,0.853197682204955,0.8532321293659056,0.8571002065854862,0.8598582858780245,0.8631035703302293,0.8606588897559801,0.8552530797710773,0.8554189732516043,0.861729125729501,0.864704556397391,0.8681665977829703,0.8669406163476101,0.7561879492172565,0.756344584317607,0.7661089000314208,0.7713681380769706,0.7769106299482287,0.7769639497280425,0.7158678208904551,0.7159451631140001,0.7295586147052546,0.7357955701088169,0.7360476489529455,0.7316368735987053,0.681917244733041,0.6838575601610628,0.7007620307808972,0.7038445314454191,0.7071955175451847,0.7045730681072635,0.8229307963362933,0.8231959884291685,0.8293082348296787,0.831417945095112,0.8298525914899648,0.830233334661342,0.8048242106916507,0.8048584668260547,0.81164345851919,0.8163534787672667,0.8253042676906148,0.8244416326278425,0.8124451793147188,0.8124605852347373,0.8289722606552061,0.8322651232986485,0.8479505163733037,0.846359617219517,0.7148782162202832,0.7149179088817913,0.7248606747421142,0.7265829688488699,0.7258411649785859,0.7203050069249528,0.7561753054543567,0.7562477031038706,0.7640054903653888,0.7657666021281455,0.7654393800942978,0.7638809713977917,0.8105375655981162,0.8105412856243316,0.8166394423614858,0.818290612643378,0.8215476236231816,0.8187877052957387,0.8213769980131028,0.8213849078654379,0.8273603535479881,0.8322576165979578,0.8357422822409857,0.8352568414969042,0.6949260873912875,0.6949495815938878,0.7036980905002287,0.7135755400533209,0.72046852454448,0.7175648195292201,0.6651217628559293,0.6653389959242644,0.6766973997584094,0.6831151947798165,0.6834735604453367,0.6733230957555822,0.6184931523293322,0.6185360891220824,0.6418875626089127,0.6432884196029096,0.6474720052879348,0.6406399955513022,0.7928478882558401,0.7959488924152384,0.8015399828791092,0.8033160143372062,0.8024668516989151,0.7990950330656638,0.7465224026590729,0.746543501829244,0.7512622144108103,0.7592169902326855,0.7690917416686502,0.7702095880507207,0.7584429082298682,0.7586835888864937,0.7705331641798812,0.7843515624672182,0.7985258415812208,0.7987843625165707,0.6543699955351915,0.6551307139400028,0.6675825800594649,0.6661989046278993,0.667255560889475,0.6591067305794593,0.720080637333097,0.7214230465890047,0.7290567764278988,0.7302489064993021,0.7322607072247589,0.7294275983910282,0.7683196659794931,0.7683929271410918,0.7751877580664115,0.7777206401027323,0.7806496851259711,0.7769987839519977
71,0.9265680906307587,0.9265686961186216,0.931059112283555,0.9336615133306133,0.9364977739797938,0.9355434364626309,0.8927816880095752,0.892853389474548,0.8997555432694113,0.9033716056975646,0.9058073220019068,0.9049376286140652,0.8360545819915439,0.836194241961851,0.849717330031431,0.8571935277696463,0.859361189519436,0.8553800112079795,0.8443477465780967,0.844463021323554,0.8559088356015311,0.8614234183237219,0.8649578064274878,0.8623415827341712,0.8993186491270535,0.8993464729015994,0.9039154308879116,0.9048459725398119,0.9055973137680148,0.9044767828245475,0.9266693008713004,0.9266863817116711,0.9319312495632827,0.9370128345092208,0.9412603718149527,0.9402385698823986,0.9232132497164208,0.923327537228245,0.9324577669472707,0.9371197306856132,0.942448708818026,0.9421228185180767,0.8628420544134641,0.8629167466641883,0.8679927436630772,0.873613297322877,0.8755010936262781,0.8723133659618548,0.8565369053338022,0.8565406414598457,0.8626448036946937,0.8650689708611944,0.8667329316676373,0.8650853226074878,0.9018066441092122,0.9018106600753891,0.9064906134928745,0.9086846181839117,0.9105289346328078,0.9087454627721498,0.8887372283574924,0.888744632197822,0.8949908016187046,0.8979260501600304,0.9001486493006813,0.8996084105097363,0.8195978502662042,0.8196391072295492,0.8277237733793298,0.8337455824499094,0.8376479834143097,0.8370080661880295,0.7699987902291144,0.7703269186636478,0.7902586022548033,0.7910715535241186,0.7924334634575534,0.7911710910371085,0.754190112221673,0.7544544260726249,0.7713390099402457,0.7746820456008672,0.7785730825587378,0.7737865340305358,0.855023062986456,0.8550475596658565,0.859740370402275,0.8615858946710555,0.8608377458821899,0.8596289310836366,0.863552533733191,0.8636150730897162,0.869895680678461,0.8752815799417945,0.8816625239490651,0.8802989715199798,0.8665599101353803,0.8673243984947815,0.8725851953775465,0.8847235549731434,0.8949995311622285,0.8933883654039017,0.7815821357579658,0.7815899035474785,0.7880456062479739,0.7932365190861669,0.791705469220011,0.7870551546403578,0.7968171993196647,0.7969190028505141,0.8045126517441756,0.8051796614848041,0.8064910536831928,0.803712060130376,0.8531976821922359,0.8532483488783414,0.8593585288737927,0.8607059314340071,0.862645024979926,0.8608683862277217,0.8552530794878543,0.8555655535914795,0.8624494111458302,0.8645690548161624,0.8679535841625228,0.8675418749685211,0.7561879490759599,0.7562856798691142,0.7638860957266314,0.7713260991081328,0.7786896280842148,0.7777445727140814,0.7158678209012939,0.7162877226355424,0.7344066965211469,0.7370738942611506,0.7370403980850474,0.7328256174038243,0.6819172447494892,0.6835900453514776,0.7003617645906428,0.7028064251185941,0.7102491374861002,0.7025007442610391,0.8229307963590219,0.8230824117795058,0.8309432923120647,0.8309368323291231,0.8296117755097686,0.828443811319435,0.8048242106495819,0.8048340713373401,0.8134268297975167,0.8183390323656683,0.8257661104094985,0.8251441038466124,0.8124451793147793,0.8124637680747288,0.8253117208368294,0.8343826182632313,0.8463196371894894,0.8455082213623433,0.7148782162110185,0.7149130882364967,0.7202505883750542,0.7236403551486212,0.7264289924488846,0.7211932957556912,0.7561753054543499,0.7575304097515031,0.7626278656592348,0.7657076425507907,0.7661989785940897,0.763565815584825,0.8105375655976865,0.8105427170035504,0.8167085963873325,0.818292261491017,0.819990016389989,0.8178966747510585,0.8213769980128799,0.8214638279095747,0.8305524320463229,0.8320382407566529,0.835567269185916,0.836063691301755,0.6949260873962919,0.6949850264404027,0.7068538220351562,0.7096023219117872,0.7200918589982302,0.7202173351437624,0.6651217631785913,0.6662018590435518,0.6796066356811642,0.6799151027250032,0.6854256950434937,0.6735191051540621,0.6184931523741748,0.6188085287437561,0.6364353241343954,0.6435633042153198,0.6478120738887256,0.641820259667279,0.7928478885950353,0.793121548711191,0.8005209993921698,0.8032167806421984,0.8036030925704836,0.7992849123300465,0.7465224026601491,0.7467003748835036,0.752863091560802,0.7598504477213555,0.7704344572328709,0.7686450413828856,0.7584429073968868,0.7598370235589638,0.7694020844695166,0.7864894904877224,0.7963768478254942,0.7968898383317915,0.6543699955350113,0.6544861227360734,0.6664465032782545,0.6674296679133295,0.6695887300567466,0.6621133308660108,0.72008063204078,0.7205899359986513,0.728233962369736,0.7308994955056956,0.7325128786217543,0.7282309299159244,0.7683196659782251,0.7683586405947072,0.7753707146320445,0.77484455094042,0.7803898448695967,0.7781549643689527
72,0.926568090631777,0.9265766283420851,0.9316662946827264,0.9342745075909988,0.9365152297349537,0.9358461937403629,0.8927816875759894,0.8927855488159266,0.8994039494827815,0.9019784514702368,0.9063736172539253,0.9054722193476238,0.8360545819883226,0.8362234892396843,0.8506745922345338,0.8574093852659995,0.8582659664686594,0.8557187040957293,0.8443477465788074,0.844397605889427,0.857436447998853,0.8632531280609768,0.8650649102755081,0.8624135791553743,0.8993186491270374,0.8993376377947311,0.9026376199725223,0.9056523737987143,0.9063826764009171,0.9051617619591322,0.9266693009686785,0.926710760581652,0.9330366748711015,0.9367991606553716,0.9407654664816736,0.9408930188939433,0.9232132497173084,0.9234106161910444,0.9314088660773365,0.9368349742817145,0.9429551494666608,0.9420462475536531,0.8628420543526518,0.8628860821896329,0.8744992275917995,0.8733999165980185,0.8746916405822829,0.8737925854813562,0.8565369054575134,0.8565449334972904,0.8625079508797892,0.8657630339895882,0.8668456475612543,0.865154918485858,0.901806644109194,0.9018150581298374,0.9065751935059059,0.9089302871733749,0.9100190385648801,0.9093762074884993,0.8887372283571982,0.8887505682774041,0.8945351286113664,0.897681500765603,0.9001093089140859,0.8996160099753295,0.8195978400625031,0.8196395336831483,0.8278868514159792,0.8317307790047586,0.838235373395037,0.8363986488119017,0.7699987851604496,0.7703671892872761,0.7861137842667556,0.7926268675382115,0.7931798370471421,0.790620874787471,0.7541901121574687,0.755393260419623,0.7666707757460643,0.7765849008325645,0.7778945999849407,0.7734894396432583,0.8550230624491133,0.855166068325281,0.8613493985974116,0.8609180410068301,0.8610190783878233,0.8579802544397788,0.8635525337288121,0.86357816010578,0.8702629291271164,0.8753096404892879,0.8819787002684188,0.8814587392126139,0.8665599119502847,0.8665619288676529,0.8748459047957395,0.8862717130467604,0.8933596931238714,0.8934428511944984,0.7815821357185251,0.7816511684858852,0.7920781356218155,0.79258523686199,0.7923815540347836,0.7898494065369479,0.7968171993163566,0.7969103683203307,0.8034505919278341,0.8050360573391273,0.8066570873712102,0.804861045277367,0.8531976821919676,0.8531993175842985,0.8567192241027349,0.8613090289232216,0.8628259385939838,0.8606415129055214,0.8552530794878634,0.8556496531621257,0.8635179337048897,0.8645003520387244,0.8677337671636973,0.8671858169480797,0.7561879490568664,0.7562031346988478,0.7640647466745307,0.7690113378767331,0.7765625155552284,0.7755252752092117,0.7158678208897895,0.7161065057842646,0.7350845223636968,0.7334910639018853,0.7340862904585571,0.7318173105818959,0.6819172454815262,0.6822320611763706,0.6988203418437642,0.7052561681192693,0.708830716140658,0.7044586768070384,0.8229307963681333,0.8230323452203617,0.8292433056601962,0.8315049729575708,0.8292866703206871,0.8273920098062499,0.8048242106486276,0.8048385755884434,0.8101940796274478,0.8178962233559097,0.8242462671743126,0.825431922227899,0.8124451793148778,0.8130129787980173,0.8228285790748469,0.8314511545705978,0.8463573798024943,0.8451070849166319,0.7148782162199738,0.7151079715096536,0.7217497885815825,0.72698876570791,0.7258796621769835,0.7211904561133848,0.7561754292275666,0.7565854844613227,0.7640735932780701,0.7656386072488701,0.765621294992752,0.7632173882308156,0.8105375655981181,0.8106521170190883,0.8165872992336125,0.8174917078619978,0.8207700080262593,0.8187402388156149,0.8213769980141432,0.8221238695036095,0.8290195558939731,0.8321629640767849,0.8364138858917639,0.8363786957923912,0.694926087393499,0.6950223724940944,0.7056563048057964,0.710000748154934,0.7203931475881487,0.7171582600532178,0.6651217628543467,0.665356709955639,0.6762152011694667,0.6829365335973796,0.684883058492537,0.6739963429289488,0.6184931528225313,0.6190559737290068,0.6375962500224563,0.6453090599223488,0.6455115774365996,0.6438740174563495,0.7928478882559125,0.7931155643326949,0.8003804838621751,0.802034149403623,0.799980298900119,0.8010984969994067,0.746522402662321,0.74654383099034,0.7538663675772457,0.7609027998215493,0.7710379581818612,0.7705910267017498,0.7584429097629696,0.7588065042864259,0.7674879700417241,0.7797615124717723,0.7987669052237328,0.7967015838672125,0.6543699955352975,0.6555142168116792,0.6653351802351625,0.667656027212465,0.6660576810831879,0.6621871421996138,0.7200806320354127,0.720440909943353,0.7300628803099994,0.7304252173443495,0.7315848992644479,0.7281385737484312,0.7683196659779741,0.7683345092176026,0.7734329272200047,0.7750442505293232,0.7801922875716777,0.7773583288092596
73,0.9265680906307577,0.9265770261920451,0.9301950902640873,0.9340202104286913,0.9364268931692642,0.9356503344069288,0.8927816875759951,0.8928194038622315,0.897266455399033,0.9024508004801637,0.9065164954960935,0.9053508877828386,0.8360545819918376,0.836420217110014,0.8536283471065899,0.8582773250830475,0.85814844135855,0.853761393398285,0.8443477465783269,0.8445436830160229,0.8582111524651913,0.8635623349602073,0.8642391338830844,0.8623939376988986,0.8993186491339104,0.8993566200432261,0.9031799118091288,0.9052773661862097,0.9062816755058009,0.9054896153759145,0.9266693008714812,0.9267058020568761,0.9310997050465623,0.9366053436077445,0.9409634505412016,0.9407920267718416,0.9232132497161808,0.9238406417098433,0.9320185491417522,0.9377286128687383,0.9425290480342554,0.9414431165699656,0.8628420543518032,0.8629284628416669,0.8707540745145199,0.874782399434179,0.8744338802550341,0.8734538232459597,0.8565369052923489,0.8566682217997102,0.8620673367618438,0.8656940744648018,0.8671589147795726,0.8649339606753363,0.9018066441139975,0.9018742891403011,0.9045254797287028,0.9079810644008739,0.9096405374977076,0.9095826946286868,0.8887372283574667,0.8888605049997462,0.8938494260726647,0.8979421550722811,0.9003916747123548,0.8995603309716443,0.8195978400146766,0.8196216641149057,0.8284205895763386,0.8318532964806206,0.838646648992349,0.8378816731973233,0.7699987855055072,0.7700849919340709,0.7903081440584988,0.7919412296134551,0.7932820222304579,0.7894413713204368,0.7541901121622533,0.7548694154812261,0.7702474444729227,0.7746069744238419,0.7780282384914899,0.7758079103336888,0.8550230624500429,0.8551523246535848,0.8608761294857499,0.861639113426436,0.8614428996710002,0.8576215870710973,0.8635525337327528,0.8635606474561623,0.8707438860008997,0.8764997595369243,0.881297561230175,0.8798497576188156,0.8665599101372123,0.8665703823326377,0.8770226592726096,0.8863417404266769,0.8944336286188578,0.894262881822222,0.7815821357540554,0.7816747176280109,0.7898898102158706,0.7938399174850126,0.7928334613842365,0.7884112143622304,0.7968171993540883,0.796929541647034,0.8040975394486342,0.8060789952991596,0.805965621358564,0.8038532557029245,0.8531976822110503,0.8532126934943416,0.8568397033390822,0.8614622410583174,0.8631194799616171,0.860872550328843,0.8552530843458749,0.8552561631662196,0.8595573233852032,0.865540948702046,0.8679454777992546,0.8669198676618225,0.7561879490575786,0.7562097611144997,0.7630343578402973,0.7714162379783955,0.7781723901198491,0.7771291407653036,0.7158678208900715,0.7159210960750486,0.7308767361893939,0.7371573416814949,0.7369682393948914,0.7319375003818047,0.6819172447304207,0.6823506337239271,0.7004197461785797,0.7052330675643943,0.7070048464508301,0.7036761002248024,0.8229307965751012,0.8242128585151711,0.8280450834425034,0.8304091678561114,0.8309431165075979,0.8284890668752039,0.8048242106486277,0.8048331373091526,0.8112346335193525,0.8170826574638839,0.8249570690766457,0.8254297982380723,0.8124451793147148,0.8133630564548218,0.82605306984529,0.8313712786913697,0.8458290102869114,0.8451974851745365,0.714878216220302,0.7150208573088717,0.7264236789335442,0.7263388222912259,0.7245010107317309,0.7220072694571951,0.7561753056887351,0.7575657812717314,0.7650457839258459,0.7656787438772142,0.7654924507194073,0.7633439230413956,0.8105375656102537,0.8105488196813364,0.8156185419648017,0.817556723816831,0.8193363131769079,0.8180963993475281,0.8213769980128799,0.8217552525779236,0.8288672645472285,0.832607523942496,0.836070808646222,0.834956804765766,0.6949260873907377,0.6949657702726981,0.7055736337395562,0.7097293989755346,0.7206732926401138,0.7183048840727915,0.6651217666217922,0.6656313174940667,0.6765291402103017,0.6829786797925652,0.6831254470344414,0.6732703566812757,0.6184931531807565,0.6211560770837746,0.6340345175548255,0.6459671325346721,0.645620833178057,0.6422163990126439,0.7928478882558401,0.7931315598684577,0.7991174896348271,0.8022166467943221,0.8008632027377791,0.7978824337693706,0.7465224026594386,0.7465410212796498,0.7560037788066404,0.7610331870974001,0.7714400513321144,0.7705025015132178,0.7584429073968818,0.7585653264850994,0.7740421294599666,0.783929006517639,0.7978427724073681,0.7986630220640739,0.6543699955367088,0.654902234235959,0.6667124291060185,0.6668543846529112,0.6642059028441605,0.6638612699504685,0.7200806323650675,0.7205140773657253,0.7294969578022021,0.7310631786707433,0.7310786044065047,0.7283955571243326,0.7683196659783174,0.7683644726614183,0.7746247970907767,0.7772314927124279,0.7788523456362828,0.7790326930317168
74,0.9265680906307574,0.926606699907053,0.9325007692551042,0.9341216464082005,0.9367234631580811,0.935605619118756,0.8927816875760514,0.8927872975599198,0.899860017776976,0.903592770238646,0.9060667275682734,0.9054279706360072,0.8360545819884452,0.8362126021339703,0.8536049227192952,0.8547989916977434,0.8571709443909135,0.8542483282593558,0.844347746578342,0.8445779372797882,0.8582239600302077,0.8630540539172518,0.8641156566155931,0.8620698753352731,0.8993186491270375,0.8993291080269861,0.9028145797358333,0.9051262386729317,0.9059783547355817,0.9044792433962665,0.9266693008726241,0.9266883108709073,0.9313683756722158,0.9366692813096026,0.9409242120824856,0.9406434525200242,0.9232132497163369,0.9232758613560212,0.9344311893340898,0.9364782354355055,0.9425935251115151,0.9413408252991333,0.8628420543727953,0.8628625798454598,0.8713139012681842,0.8738517377556607,0.8744592233111795,0.8739835336236239,0.8565369052923093,0.8565500014162144,0.862290434177053,0.8658783380992982,0.86664048985804,0.8658735241645625,0.9018066441190449,0.9018345782016333,0.9056469303771373,0.9088298143057892,0.910008342402361,0.9088784019667936,0.8887372283668278,0.8889036466604118,0.8939883271482297,0.896707268480589,0.9008815182147387,0.8991979535197523,0.8195978400173155,0.81982538386864,0.8278520084660086,0.8314319721024992,0.8378446277173315,0.8362171964069962,0.7699987851560347,0.7700517353997508,0.7856161926154533,0.7903615860015036,0.7936999054722649,0.7872718464576904,0.7541901121572598,0.7542593167468065,0.7708255783514404,0.7782440812704697,0.7777357886231157,0.7748411788571032,0.85502306242908,0.8550512335046188,0.8605185655340906,0.8619504669710927,0.861649594421337,0.860576957043629,0.8635525338064066,0.863564360899446,0.8716916011931832,0.8768124991143126,0.8822435050501163,0.8804384947908444,0.8665599101354314,0.8665656826566038,0.8753816798035845,0.8844881266688533,0.8953279434250417,0.8928101051599205,0.781582135714549,0.7816718681197761,0.792194570300671,0.792850898396368,0.7933352816218487,0.7876824616747216,0.7968171993114213,0.7968814390861074,0.8044774586058252,0.8053468411003252,0.8071483862981711,0.8042760297637882,0.8531976821919147,0.8532317317520612,0.858575552534732,0.8607441027354741,0.8625637293033861,0.8613659791386646,0.8552530795010573,0.8552838362672003,0.8614754070322169,0.8645410849620168,0.8685919898401462,0.8668368418243938,0.756187949058393,0.756233258417441,0.765111206669866,0.7710109550992821,0.7774722250000213,0.7771981769590437,0.7158678208913553,0.7159332017659861,0.7334926991158739,0.7353354655626072,0.7365395123045897,0.7319710394944802,0.6819172456640246,0.6823247235697885,0.699753077097578,0.7058598688373217,0.7091717716615955,0.7044457660567001,0.822930796346363,0.8230597099583978,0.8284403184700713,0.8298089906257107,0.8306143946879487,0.8275391041868785,0.8048242106486361,0.8048742653466099,0.8137136756832974,0.8197802572807045,0.8249220466108732,0.8241720178030192,0.8124451793151357,0.812676750638039,0.8214271232969559,0.8320114661574584,0.846887268943116,0.8459580931736139,0.7148782166919829,0.7151521166676877,0.7217526854640186,0.728679757853955,0.7273840084982556,0.720581381234004,0.7561753054575536,0.7562548823781808,0.7635193909543044,0.765094246964436,0.7660484549705457,0.7636424896744831,0.8105375655920035,0.8105678387133545,0.8145025321504387,0.8179330317657373,0.8200149908859289,0.8189042190082707,0.8213769980130123,0.8216771007377571,0.8295618733972737,0.8322274152624929,0.8362712985522927,0.8357005920063936,0.6949260874087914,0.6949582202368629,0.7072720494903926,0.7115839911201212,0.7189153588158541,0.717535357637016,0.6651217628572039,0.6656829599054002,0.679051929383814,0.6823549081368496,0.6816836340625614,0.6752014064582263,0.618493152293387,0.6192490707788172,0.6370340062736464,0.6457807456623745,0.6460127852386754,0.6419724837141942,0.7928478883852795,0.7930229587925004,0.8006806052825038,0.8033710219737487,0.8006055435038218,0.7988720154509331,0.7465224026591035,0.7465398321266805,0.7546644719124136,0.763702475164131,0.7680930646159265,0.7688081736961719,0.7584429097486529,0.7585060103157915,0.7719845699544502,0.7826786495071039,0.7981083455327465,0.795140666160057,0.654369995547666,0.6567341926322846,0.6662189842360176,0.6688595288180081,0.6660084400933254,0.663947092629155,0.72008063203555,0.7202867064810532,0.7294985028079974,0.7317098101716089,0.7315629458836228,0.728633134442357,0.7683196659779621,0.7683496164089987,0.7739414371813543,0.7776337554724668,0.7804061705403912,0.7783028320621933
75,0.9265680906332081,0.926587366106774,0.9318010650514504,0.9345283640485157,0.9361116416631186,0.9357111033618225,0.8927816876462448,0.8928647621567901,0.8987696020797469,0.9031156154065025,0.9061695626642603,0.9057354731355238,0.8360545819887574,0.8362103830607756,0.8515410391887254,0.8567960521470879,0.8559923157395366,0.8569634993251006,0.8443477465780995,0.8445636683158075,0.8534432718699225,0.8618405690034523,0.864397964872756,0.8634208363119451,0.8993186496052621,0.8993471183239974,0.9039655352635065,0.9060076468239241,0.905600011240534,0.9050453465635933,0.9266693008743898,0.9266801676783042,0.9331218310392063,0.9363157607676056,0.9412332524355217,0.9405508623195666,0.9232132497162182,0.9232874808643592,0.9305170444215567,0.9380157623604088,0.9432779720644683,0.9423568314195166,0.8628420543516824,0.8628450068655342,0.8708126727077297,0.875340559411478,0.8740158453898152,0.8731230253553698,0.8565369052929394,0.8565695373255612,0.8632619789370125,0.8649509697080228,0.8669709329346025,0.8647748278296463,0.9018066441091858,0.9018182608216667,0.9059157861358653,0.908175980214717,0.910054847485581,0.9090408068766612,0.8887372306393588,0.8887508402809328,0.8933688852752708,0.8968017228405768,0.9006601153544922,0.8990988078245352,0.8195978400146766,0.8197468968787349,0.8292663935028961,0.8320415741098393,0.8377419456682875,0.8360056632381063,0.7699987851559089,0.7701192669123859,0.7879187047094681,0.7915535564329119,0.792617550442452,0.7885076789094886,0.7541901126583491,0.7545424594157027,0.7699059120406024,0.7756912882866704,0.7768171493708036,0.7745706526741261,0.8550230624268912,0.8553167393919427,0.859801108690035,0.8613747756670823,0.8594988071968088,0.858781715493734,0.8635525337286556,0.8636083817446986,0.8718782546783255,0.8753135396956804,0.88264675106545,0.8809658067111675,0.8665599101354041,0.866577949124117,0.8809863632260939,0.8851053784738048,0.8953780132345216,0.8937187584380923,0.7815821364543014,0.7816975984856652,0.7919612103959862,0.7923657432992631,0.7938860364194156,0.7881270675754513,0.7968171993198058,0.7969891430902651,0.8037759753823056,0.8057571242516988,0.8062827687182075,0.8041125734933462,0.8531976821919098,0.8532047168830447,0.8589686815997496,0.8603571862090871,0.8624739040183204,0.8610128801439003,0.8552530803494743,0.8552682760762469,0.8602431422773678,0.864774103285832,0.8678465207965212,0.8680995167118881,0.7561879490722015,0.756230433377525,0.7665979219857153,0.7704074043273688,0.7783014503755512,0.7758364670920075,0.7158678209652987,0.7162541834490233,0.7345402773722821,0.7404775095933975,0.7373324266396152,0.7325515188785732,0.6819172447347966,0.6858060788605136,0.70318439014965,0.7053795282681912,0.7056455349432043,0.7016979236628614,0.8229307963412096,0.8233550029603566,0.8270885674171966,0.8313342477876311,0.8295738224568063,0.828614279767798,0.8048242106949494,0.8048500775665464,0.8140760128309683,0.8196619931266939,0.8240920466170341,0.8243819163541513,0.8124451793318045,0.8124533887597167,0.8258725465140694,0.8304049708105795,0.8467271230631885,0.8446732880281866,0.7148782162247774,0.715343498793795,0.724849762499763,0.7259160762094461,0.7251958315318401,0.7188859804623622,0.7561753055074671,0.7565448166140045,0.7636379687723475,0.7658267584942543,0.7661337979485989,0.7634111232351971,0.8105375655988383,0.8105434804359878,0.8171939714344079,0.8182074772323873,0.8205868627464956,0.8182529811729278,0.8213769980190555,0.8216185458758023,0.8304782708308951,0.8329463277606045,0.8360207438322784,0.8351585717061961,0.6949260873907985,0.6952748398040349,0.7035601154999751,0.7106188084287028,0.719779126384914,0.7175411740868736,0.6651217663793008,0.6651125535363476,0.6783687736084566,0.6820604321039166,0.6826680014567648,0.6698807850776181,0.6184931522792751,0.6241104813301289,0.6397895124272067,0.643362113848537,0.6444000297243977,0.6441483513027059,0.7928478882587577,0.7934980841565218,0.800167340072891,0.8031636563061545,0.8006794840399472,0.7971726780018275,0.7465224026616942,0.7465376258064005,0.75601341951701,0.7595770154652016,0.7705516868463628,0.7688510397895247,0.7584429074525111,0.758539283802419,0.7677015998735793,0.7803564437031193,0.7974780455855831,0.7971595334681126,0.6543699955364123,0.6548806634797144,0.6657622388005167,0.6668235387134092,0.6676094037209669,0.6637684276195497,0.7200806320396183,0.7212831529072244,0.7298367151910241,0.731008020973172,0.7316331769005637,0.728210163804228,0.7683196661288529,0.7683452169784986,0.7739588695976036,0.777568850922895,0.779470882073511,0.7770939480987478
76,0.9265680906327379,0.9266017266521478,0.9312052669811113,0.9330059976043746,0.9366149317827834,0.9355005116970713,0.8927816875763046,0.8927885241640818,0.899335040773414,0.9022770534446354,0.9065614176309359,0.9048629443046092,0.8360545819987895,0.83636911881956,0.8462723587294272,0.8584476488737922,0.8612986091410362,0.8560315239658611,0.8443477465782272,0.8443519551389737,0.8600501465774262,0.8633413273832898,0.8642510824533363,0.8627377734936446,0.8993186491270423,0.899413658078478,0.9030945307173648,0.9047980569800667,0.9049656480569567,0.9027829645269494,0.9266693008716691,0.9267090674970585,0.9343602709624684,0.9375390958603582,0.9405651039301812,0.9406072879652229,0.9232132497218994,0.9233792135641634,0.9280070136386331,0.9374873221202371,0.9429204537029006,0.9418796931403698,0.8628420546091156,0.862980081695898,0.872927451445696,0.8740027568618538,0.8746684816586875,0.8737776972833522,0.8565369053377241,0.8565401096283196,0.8636022009593708,0.8655632388244872,0.86685154411167,0.8654518159272724,0.9018066441091948,0.9018286874182353,0.9068290212250738,0.9085730532456439,0.910079578647559,0.9085952964808223,0.8887372285886991,0.8887495705789193,0.895728531898028,0.8968744134622992,0.9009815073149562,0.8992131552070151,0.8195978401782283,0.8198407263869355,0.828960462369809,0.8329140518045084,0.8384150162332751,0.8369790333615439,0.7699987851582248,0.7702652133003155,0.7883090350319363,0.788301381401141,0.7928332435990498,0.7898035251698424,0.7541901121665208,0.7553857875568619,0.7659451839972444,0.775164840982308,0.777067228757448,0.7746645332183396,0.8550230624376773,0.8556401433148619,0.8596140638028169,0.8617248073074312,0.8609234485840712,0.8622571537940449,0.8635525337600295,0.8635799424180751,0.8696661207133475,0.8746834088217816,0.8816168115367078,0.880329204770818,0.8665599101353769,0.8665857905986787,0.8791223896014774,0.8846813683927487,0.8946999842934064,0.8944262620830895,0.7815821416091828,0.781824697877144,0.7910665689414167,0.7951676726223852,0.7925452831593152,0.7890168336376489,0.7968171993986546,0.7975512174027005,0.8035959136718189,0.8060887531215697,0.8064395890607685,0.8042152262441202,0.8531976821919542,0.8532690954212984,0.8592637883099973,0.8603798876168977,0.8630218295500042,0.8613214103652049,0.8552530795297346,0.8553667748766405,0.8623020590632554,0.8647016306233848,0.8686958017591015,0.867021910814432,0.7561879490621216,0.7562502498018151,0.7646544414888805,0.7729401830362055,0.7772302687241592,0.7755723697244594,0.71586782088222,0.7161781723838929,0.7345717747357026,0.7350456001752625,0.7374217245117836,0.730546621399045,0.6819172447304602,0.6831106080594538,0.7013328882905832,0.7045106506427439,0.7086506430457314,0.7019668480815077,0.8229307974552438,0.8230157479253734,0.8271481375338138,0.8304866233525554,0.8303924531039342,0.8281779810605762,0.8048242106486623,0.8048250981793631,0.8127805311289011,0.8190094625514257,0.8245832208282431,0.8239364862044315,0.8124451793418097,0.8125530978380746,0.8254730126659139,0.8363225837594801,0.8470618073238432,0.8469359300501029,0.7148782159976186,0.7164185188875587,0.7223353760658687,0.7277274669115733,0.7261665207912866,0.7212790530185915,0.7561753054549017,0.7580733970058854,0.7633925844344828,0.7659612477365101,0.7660923693339783,0.7644427087016389,0.8105375656008856,0.8105498656101139,0.816533389662476,0.8187071010981218,0.8210229609863684,0.8199237849175066,0.8213769980128802,0.8214849674143812,0.8291763718217012,0.8325481608440994,0.8365304992259068,0.8353001764065094,0.6949260873907499,0.6954422644770561,0.7046755518969908,0.7099415804516732,0.7199154809220063,0.7178773706791354,0.6651217632091388,0.6656873835035032,0.6765456187842988,0.6827688301358188,0.6863354164375437,0.6773313871674946,0.6184931522791166,0.6194329165490264,0.6399050016195575,0.6462092009855215,0.6457570705575644,0.6412881528172718,0.7928478882710974,0.793987245203859,0.7996670636685228,0.803262787318216,0.8007947440826508,0.7998060230480806,0.7465224026590764,0.7465288644153674,0.7572646756623549,0.7617462069068738,0.7701653352306408,0.7699576384326946,0.7584429073969203,0.7585767969369613,0.7696860536871899,0.7809271828744326,0.7977484227368307,0.7958959884708714,0.6543699965597016,0.6548272591628485,0.6650650379064666,0.6675998610594573,0.6647765310953386,0.6613502281386369,0.7200806320367052,0.7214638246510415,0.7293206708451122,0.7310628547374103,0.731301904902616,0.7295495980434581,0.7683196659785254,0.7683454639017854,0.7748466413033022,0.7765727156083064,0.780006819283267,0.7779764167533121
77,0.9265680906324265,0.9265809744981784,0.9304918760985451,0.9328638810479708,0.9363575306554273,0.9358204187511429,0.8927816875760123,0.8927908710694723,0.8985521356868079,0.9022427645356088,0.9064659442574984,0.9055186305800581,0.8360545825822125,0.8364348595212703,0.8548329025760696,0.8570198878951097,0.8581277544921551,0.8565288041529113,0.8443477465793633,0.8444975226050836,0.8557667505301847,0.8637047814613336,0.8639655813142756,0.8612909830397255,0.8993186493506132,0.8993304720137545,0.9043817067684679,0.9058644816663078,0.9052809625761125,0.9045144075240434,0.9266693008715442,0.9267702744874677,0.9341362447910219,0.9366667723093728,0.9409070805585155,0.9404955535169239,0.9232132497163021,0.9232262454942981,0.9342864647972837,0.9366772325201658,0.9420520340730278,0.9417194401244662,0.8628420543516465,0.8628512921278058,0.8706860491951229,0.8750091023199316,0.8750401953673805,0.872431943267262,0.8565369052923077,0.8565516827194133,0.8622342108678324,0.86608498719778,0.867459751678132,0.8653884624902226,0.901806644109195,0.9018115179736639,0.9057926392831347,0.9088103683429604,0.9098235012185717,0.908500308161701,0.8887372283576354,0.8887726006272944,0.8953964171514325,0.8976856438251661,0.9005839237165945,0.8995709755091923,0.8195978400452816,0.8197182301597808,0.8278679893527069,0.8319580938010643,0.8377021108994188,0.8357912376887495,0.769998785199495,0.7706502101289825,0.787541151348346,0.792478996190955,0.7945018322899577,0.7897319602223795,0.754190112157675,0.75445230164505,0.7721536082096563,0.774202475100642,0.7782831822354496,0.7737992601757715,0.8550230624268466,0.8551242137973059,0.859044471928573,0.8622384617936933,0.8630956560907248,0.8596659795646834,0.8635525337288672,0.8635553025881129,0.8700131370783166,0.8768650694962629,0.881550467617576,0.8814480227725882,0.8665599101358066,0.8665826785546098,0.8788044291029109,0.8842286907095784,0.8937951069880042,0.8926859248397596,0.7815821357464171,0.7820130993594248,0.7919517458751628,0.793593909128031,0.7916347645762385,0.7920554094812278,0.7968171993125186,0.7970769471061967,0.8031776611982833,0.8059220064311221,0.80631161866212,0.8040695226672836,0.8531976821923355,0.853206142989643,0.8579473668761679,0.8606283154905479,0.8625274116043122,0.8611964012327942,0.8552530794878552,0.8553991400656042,0.8612983152028646,0.8644583746139395,0.8685887766580584,0.867494048228302,0.7561879490842653,0.7563672763107454,0.7644457454276373,0.7694953059369445,0.7786546404611943,0.7757985049612438,0.7158678208897735,0.7159547167112399,0.7283025053696068,0.7349047052931736,0.7361876466803361,0.7283011033691151,0.6819172447744914,0.681994653202582,0.6978993582885953,0.7057192136891455,0.707557969472778,0.7023630915945205,0.822930796351283,0.8230485705445661,0.8297427978119505,0.8318508628067743,0.8318571924447511,0.8289898364177187,0.804824210648629,0.8048505464951591,0.8134554674372028,0.8180287955124006,0.8250957382296799,0.8241829597730561,0.8124451793312422,0.8125047953197514,0.8229499023917242,0.8375391807292529,0.8457684652314382,0.8465327154697224,0.7148782163514384,0.7150319172162904,0.7253648144405702,0.7273490307031163,0.7248498281005142,0.7191953967114124,0.7561753054624946,0.7572058106737054,0.7648627291567431,0.7660552105916957,0.7660327309992022,0.7628102901331505,0.8105375655981151,0.8105649817111549,0.814564804242013,0.8185168380891046,0.8197374980634922,0.8186005807457638,0.8213770020656144,0.8215823341558195,0.8281170729791982,0.832582675066039,0.8359746651567832,0.8346936147128263,0.6949260873907952,0.695094484785882,0.7082659044179156,0.713951347078608,0.7206169743887343,0.7165816618681083,0.6651217628541934,0.665357325275269,0.6792248098422526,0.6816558873345036,0.6846277533674687,0.6770385116432516,0.6184931522791113,0.6193012958327276,0.6379321248470275,0.6412053886375362,0.6456142408992,0.6422183617070953,0.7928478882558657,0.7929200197460999,0.8006514458148051,0.8033993831969185,0.7995818603331866,0.7979986437104722,0.7465224026590729,0.7465694441798838,0.7552272523485262,0.761000578166136,0.7702763803727385,0.770272474419424,0.758442907424534,0.7590330782554218,0.7685483176845272,0.7802146216492922,0.7984691751226498,0.7985377222354003,0.6543699955349797,0.6567881064939883,0.6625313859135106,0.6679915962570033,0.6685169335786296,0.6592944563048009,0.7200806330674188,0.7210238212944386,0.7288367665654377,0.7311182423670191,0.731420829200069,0.7283896188671736,0.7683196659780266,0.7685418923313889,0.7744432751836003,0.7762655599785735,0.7802834066787248,0.7777864035366162
78,0.9265680906307574,0.9265752362239634,0.9308080569271403,0.9348717916789666,0.9364693026504474,0.9360267631472687,0.8927816875768807,0.8928085043589622,0.9008332228021397,0.9031936092456576,0.9061941196917747,0.9054679066866531,0.8360545829198718,0.8363610434195901,0.8529307475228904,0.8559737469403017,0.8585548062134599,0.8539203182518644,0.8443477472125891,0.8444972990191432,0.8592623051171149,0.8640076103070734,0.8653359103719936,0.8618955022132013,0.8993186491270374,0.8993339821310005,0.9032086542829768,0.9053927658507656,0.9053951477802379,0.9025708966953458,0.9266693008714793,0.926699898111641,0.9302379569475807,0.9380234256972872,0.9409174785684524,0.9409290778454821,0.9232132497184445,0.9232996677321172,0.9325500323810265,0.9380297908173915,0.9425790336401019,0.9422496267422885,0.862842054334768,0.8628951421794521,0.8707290424792569,0.8736160359369609,0.8748489522135967,0.8726779613194381,0.8565369052924918,0.8566043398171489,0.8644709162490338,0.8652612779749638,0.8668967690483951,0.8644072004965668,0.9018066455998227,0.9018166258106032,0.9068926360855677,0.9075983832972352,0.9103826119115283,0.9089753623189445,0.8887372283592176,0.888906594990993,0.8948798206447515,0.8974193502279122,0.9006613357296168,0.8993881785811484,0.8195978400221073,0.8197425125515636,0.8281247431121381,0.8330489251440364,0.8377464530996757,0.8370482618487576,0.769998785166063,0.7700132479642193,0.7828307762880973,0.7934312182229506,0.7939105030292768,0.7847549845920853,0.7541901137199608,0.7544405079814751,0.7660734829181205,0.7769911467566912,0.7775441830523098,0.7737053992765115,0.855023062464797,0.8553564711079835,0.8598525229429146,0.8615580081603427,0.8605289945873615,0.8601463201202746,0.863552533728812,0.8635846242224361,0.8726355828135286,0.8779662808758544,0.8817758643281748,0.8817254834576296,0.8665599101353689,0.8666711480911576,0.8777712000829725,0.8839481870299429,0.8960705276311733,0.8941604633963577,0.7815821361681055,0.7816202803166606,0.7909234013893363,0.7932215062421127,0.7906638399827123,0.7888601931756324,0.796817199312047,0.7973117201564701,0.8032279881161937,0.8061441485511958,0.8067029385514878,0.8043906073002813,0.8531976821919202,0.8532060677448344,0.8589173714778154,0.8603775542572167,0.8636873056306646,0.8606008495973265,0.8552530794899331,0.8552979618763767,0.8629859281015897,0.8646040337292984,0.8680487279609629,0.8678387044055161,0.7561879490569939,0.7562628302420338,0.7649461311232525,0.7716110066029239,0.7792177077712591,0.7762666076565092,0.715867820889438,0.7166434742306416,0.7284453725333422,0.7363323199738909,0.7391393031424616,0.7284495622308753,0.6819172450202124,0.6835380025961872,0.6991335355306733,0.7056570138285512,0.708268729994806,0.704995508153047,0.8229307963372017,0.8230376803501119,0.8276597886415498,0.8317467337199674,0.8294304536131737,0.8302702375228763,0.8048242106489132,0.8048262813025087,0.8118402964948477,0.8182001227680857,0.8245334064146086,0.8234191541398521,0.8124451793150159,0.8124824556163848,0.824334834077171,0.8350215237061249,0.8457895050067777,0.8456227410278503,0.7148782162202082,0.7156920167832964,0.7234347312880851,0.7280598019397174,0.7258778911692959,0.7202551767671942,0.7561753063117274,0.7576168799383436,0.7637009777487842,0.7658758822456408,0.7659685671565528,0.7634287891331856,0.8105375655983067,0.8105959605010712,0.8162653523003455,0.8191932389794874,0.8213560617074446,0.8182580128231085,0.8213769980225056,0.8216358187896998,0.8315538816578607,0.8326724320932979,0.8367052309454558,0.8348480984033915,0.6949260873907439,0.6950329080495927,0.7040603932478908,0.7119912336105806,0.7198845497770514,0.7183762944413774,0.6651217637146467,0.6674156429362248,0.6761539544763272,0.6849470274488861,0.6814938951073506,0.6716751668428268,0.6184931531515334,0.6186174351568847,0.6375296556258447,0.6437319431741578,0.6453264634161513,0.6434633181890129,0.792847888258801,0.7932086025242269,0.7997983167826317,0.8010047331349772,0.8021837335038081,0.7993963450860514,0.7465224026615634,0.74652448389869,0.7532083894379459,0.760136182337549,0.770661869213775,0.7704554425899063,0.7584429075145857,0.7585811084854643,0.7677123387194495,0.7798166133550768,0.7990740051366487,0.797798309770136,0.6543699964619367,0.654644971649333,0.6683780855375205,0.6683093616677449,0.6669544297409202,0.6639537759297358,0.7200806387129306,0.722422939517197,0.7303068059219798,0.7309680474210145,0.7308276984844657,0.7261094947583975,0.7683196659779281,0.7683505789761808,0.7742748400622291,0.7779235895578411,0.7798474190113448,0.7772053022938765
79,0.9265680906307573,0.926589756285657,0.9302340419656727,0.9341255496344598,0.9363672373447318,0.9359176266398932,0.8927816875761836,0.8928049131595404,0.9005950243939227,0.9019776413876789,0.9067676280201016,0.9051948635698612,0.8360545820993048,0.8366987403704977,0.853828058203962,0.8571681956540533,0.8584365454539097,0.85332851621945,0.8443477465775703,0.8443554109466798,0.8554955965832339,0.8619710828598706,0.8640951714887627,0.8630365712952499,0.8993186491280538,0.8993544202210078,0.901535916248678,0.9050116508201107,0.905800696552553,0.9036836631549559,0.9266693008714821,0.9266880507094105,0.9344108346504096,0.9367712609266233,0.9410492469665096,0.9402749823955515,0.9232132497161548,0.9232153798494809,0.9343623771927759,0.938667391950954,0.9423248724135247,0.9416954160249592,0.8628420543516467,0.8628723043436708,0.8696893441009717,0.874411681599066,0.8760627009892991,0.8750104593944124,0.8565369052942634,0.8565641742427044,0.8638491291125587,0.8654335954109322,0.8667146209241405,0.865566337570081,0.9018066441147375,0.901814841353938,0.9052864955009,0.9084951834523008,0.9094851140360102,0.9093932766335016,0.8887372283577488,0.8887510745119399,0.8934538265623135,0.8978699976617482,0.9000326676531815,0.8997318388919029,0.8195978400163734,0.8196279799777793,0.8279380097132512,0.832709891307874,0.8373345614944553,0.8363034520492213,0.7699987851559098,0.7705219227004073,0.7870224468043028,0.7924294464687249,0.7917829368173059,0.7868800836214926,0.7541901121649629,0.7542683384436373,0.7693200804451237,0.7764087729216199,0.7767299058015869,0.7738714367276089,0.8550230630096046,0.855087686162954,0.8600968037526248,0.8623214186190429,0.86241396176388,0.8612282617502207,0.863552533746568,0.8635595298783837,0.8689928381723523,0.8777163681999695,0.8809232553405002,0.8808763282171,0.8665599101353728,0.8666857747225638,0.8757391291880936,0.8838065630952137,0.8949998788937689,0.8937163347004045,0.7815821357145498,0.7816482440255845,0.7928559441266738,0.7911750857617003,0.7920767199066054,0.786804184719476,0.7968171993114209,0.797184144433033,0.8038518344765815,0.8063407333269467,0.8064228143245433,0.8051677687605352,0.8531976826758747,0.8532040770588321,0.8574578307519958,0.8605716189558794,0.8634257187808412,0.8612716025493898,0.8552530794885597,0.8553861473414685,0.8608431418072159,0.8645270269462438,0.868249956449379,0.8676631226215065,0.7561879490568472,0.7561887233064708,0.7670034443951818,0.7704440339822607,0.777963554261758,0.7751990170921624,0.7158678217668469,0.716030898270805,0.7305194462054383,0.736525665951173,0.7345784493821389,0.7328335434111836,0.6819172450191122,0.6851620975019745,0.7020506665401212,0.7040105299985553,0.7073821320494937,0.7046716693165005,0.8229308001179414,0.8230889635092987,0.8288361468482255,0.8324339440709008,0.8292504706434737,0.8287264437356148,0.8048242106501257,0.804834998934461,0.8084183500257413,0.8199546961330737,0.825605875681767,0.824514970975109,0.8124451793147386,0.8124655649514056,0.8244422520703364,0.8368639288168986,0.8464089112022839,0.8451897727886682,0.7148782162202876,0.715269431787775,0.7243655548615573,0.7273544899157194,0.724937872140889,0.7246788592153176,0.7561753054543492,0.7567747086673517,0.7642021460027264,0.7656341170280683,0.7656823175057161,0.7640763401083966,0.8105375719821832,0.8105845798251807,0.8150429052850591,0.8180311474584592,0.8205801753068065,0.8177417310739077,0.8213769986491631,0.8214764650290644,0.8296024368394117,0.8327007222271967,0.8355799550651475,0.8351878472174588,0.6949260873976879,0.6952916262947191,0.7032390595088377,0.7124219535070484,0.71919478428905,0.7177386688253373,0.6651217688116186,0.6655887192206991,0.6773092613750186,0.6811264016206101,0.6788459479896207,0.6765076274783715,0.6184931522794711,0.6256924410175775,0.6363391248040546,0.6425995548079861,0.6462461764721401,0.641282091636299,0.79284788825584,0.7938144454900499,0.7994793186451192,0.8026851546665108,0.8026336639251921,0.7967137166957224,0.7465224026594676,0.7465778495361592,0.7528834575398338,0.7665768645114973,0.7713295724532223,0.7719713492716227,0.7584429073978118,0.7584705258001483,0.7703807005169372,0.7801393045191234,0.7961149234013988,0.7973582051038445,0.6543699955351224,0.6554904289171777,0.6645213519482713,0.6666512457516282,0.6683654818899638,0.6598596795638967,0.720080632035529,0.7206576140222876,0.7293697764629754,0.7312368400608846,0.7321512158484185,0.7294549354884103,0.7683196659779754,0.7683432523598754,0.77365322271316,0.7779620559214089,0.7808638042113739,0.776951085663641
80,0.9265680906309226,0.9267478305244979,0.9306623483804698,0.9340330318169031,0.936586506389949,0.936052903767952,0.8927816875759891,0.8928084393339156,0.8966931665014575,0.9034598777975211,0.906060887221234,0.9051804339485559,0.8360545819915519,0.8368909994747753,0.8561871573462156,0.8596358690467863,0.858701011493464,0.8542233831320655,0.844347746578224,0.8445477317829901,0.8570416427522968,0.8634199844445054,0.8644566197753724,0.8626408402876454,0.8993186491270373,0.8993237954853368,0.9029342293444274,0.9034384315822235,0.9052068194615014,0.9055304873602296,0.9266693010337751,0.9266742970125731,0.9314599590219307,0.9370317976856266,0.940895174285608,0.9409461422271853,0.9232132497162524,0.9232161016195973,0.9317441412359188,0.9371955709298196,0.9422752499599709,0.9421311801651533,0.8628420543516507,0.8628541180572655,0.8722846503942887,0.8739162872236939,0.8747598582805347,0.8740506803996131,0.8565369052960105,0.856635973004799,0.8633982100403718,0.866618771397683,0.8674036105699883,0.8648075424713667,0.9018066441107923,0.9018156743837917,0.9060819772079998,0.9090040270431585,0.9097070551206368,0.9081932595157968,0.8887372408449911,0.8887497248124097,0.8959752568956137,0.8977384009143468,0.9003472612210097,0.8996698877446928,0.8195978400157545,0.81968706902833,0.8238769235995506,0.8314653040923812,0.8383849327067151,0.8368426592634132,0.7699987851563764,0.7700724315957359,0.7873004566330158,0.7936553802758614,0.7928687812195925,0.789245427925028,0.754190112651456,0.7551651072549549,0.7705811058807517,0.7766784265741826,0.7775115567358372,0.7743631231975765,0.8550230624269373,0.8552186488553066,0.8599253566298567,0.8607759819464795,0.8622954268504268,0.8606292695576407,0.8635525337301524,0.8636658718451392,0.8715988485988481,0.877513931227911,0.8806589185007353,0.8822530121830581,0.8665599103922266,0.8667617906055435,0.8794054972341936,0.8842233785536444,0.895195728195885,0.8935337545446436,0.7815821380887218,0.781834730256665,0.7904116214381506,0.7936447400646434,0.792636224963814,0.7895214845220201,0.7968171993195151,0.7968951110352819,0.8034806358944844,0.8059465843368492,0.8057851314008035,0.8036864966515986,0.85319768219191,0.8532734604605253,0.8592965393238639,0.8614106730960667,0.8628618236455154,0.8611210223856831,0.8552530794878512,0.8553026784097674,0.8597326273121246,0.8651162414426289,0.8683126741744376,0.8682334756569657,0.7561879490631086,0.7562013221221248,0.7667589551653997,0.7711798027494952,0.7786861997303688,0.7757873199860457,0.7158678208897958,0.7160344046974088,0.7271205422469116,0.7357022869325339,0.7372807653130011,0.7318606289190507,0.6819172447304191,0.6821273305634477,0.6978218676784143,0.7057957138643214,0.7095457384805897,0.704254953363181,0.82293079634377,0.822973511818787,0.8281747863945663,0.8312998789506629,0.831938738780857,0.8277084832248478,0.8048242106488183,0.8048480394892142,0.8077889958810082,0.8175081259944471,0.8241331853347971,0.8235533432918525,0.8124451793147166,0.8124742136538915,0.8244282801874272,0.8322739706780256,0.8467955182009524,0.8446480983442342,0.7148782162210712,0.7165046759532961,0.7277888318393317,0.7249145037037774,0.7243378313698142,0.720621537208062,0.7561753054558757,0.7565989028456696,0.7644511529109768,0.7654321670876209,0.7652970169083939,0.7636919805591122,0.8105375655981778,0.8106330532170539,0.816192331855293,0.8184945458910952,0.820600334206024,0.8186385926600708,0.8213769980291703,0.8214157757802347,0.8299459504693618,0.8323783414370397,0.8358053862338456,0.8350466373027456,0.6949260873917313,0.6954312365770446,0.7048493217538053,0.7119196210780488,0.7210812065068113,0.7189081654088978,0.6651217845592861,0.6651986953389147,0.6775252378718315,0.6851261249316494,0.6816524856667374,0.6758947280380094,0.6184931522793513,0.619101340610482,0.6356570915820626,0.6462929324232982,0.6464754832571902,0.6416624164101989,0.7928478884082403,0.7929054094335641,0.7985209312446138,0.8028414173901398,0.799882120063081,0.7996251891268749,0.7465224026636699,0.7465571747211068,0.7549938069061651,0.7605658278823981,0.7700722291252788,0.770569401587668,0.75844290739718,0.7585087204409628,0.7719234413703799,0.779010865202767,0.7976570250621359,0.797077732650271,0.654369995590547,0.6545245763664636,0.6663741008379399,0.6673828136051513,0.6662612552494813,0.6636519141200992,0.7200806320354043,0.720979576546394,0.7303379822531471,0.7315111212629553,0.7307440504048164,0.7292976912110607,0.7683196659780187,0.7686093451195909,0.7740175420898646,0.7764671323135456,0.779886850886107,0.7760927623641464
81,0.9265680906318207,0.9265763925186792,0.9325615091608035,0.9332381407928612,0.9363885420995203,0.9358266227846198,0.892781687576169,0.8927983872196819,0.9009604809703942,0.9034030328295936,0.905864252917687,0.9046730227485482,0.8360545819893463,0.8364253412144667,0.8520029993042759,0.8572137265400008,0.8586929245594798,0.8551441609728371,0.8443477465800596,0.8445175778316937,0.8545421016437016,0.8626443826178918,0.8648171163639701,0.8620643978412228,0.899318649127159,0.8993806438857141,0.9030618073346537,0.9044764161590383,0.9057548396271481,0.9044242814411595,0.9266693008714854,0.9266876658224664,0.9313089219904069,0.9361752404163375,0.9412813314006943,0.9408178950304315,0.9232132497210221,0.923223365046095,0.9325669104941419,0.9370956679552265,0.9428046084748782,0.9419698786531441,0.8628420543529225,0.8628858722541963,0.8698354045401347,0.8738361816892563,0.875485282802164,0.8728768927322387,0.8565369052923214,0.8566482547296002,0.8625549618036374,0.8658631220348196,0.8670618387647027,0.8656922803570046,0.9018066441091993,0.9018353616359998,0.905365680695471,0.908061993483067,0.9097204570163482,0.9090126113029081,0.888737228357508,0.8887505385662464,0.8949570914225975,0.897873442767167,0.9000116990596729,0.8990364772926918,0.8195978400146844,0.8196136369526325,0.8280086373561685,0.8327592019252803,0.8380162641913379,0.8356016127991983,0.7699987851559098,0.770293436579126,0.7925001767940495,0.7909361137263882,0.7929330798516345,0.786844808474788,0.7541901121845707,0.7550575880820887,0.7733651210773211,0.7759423837768633,0.7763487307919598,0.7748148182710075,0.8550230630846655,0.855038748617266,0.8579908376206592,0.8621164367621111,0.8622949504033139,0.8605716564993049,0.8635525337337682,0.863589488172577,0.8685055236368001,0.876278047955608,0.8823509163002582,0.8816655705868672,0.8665599101398307,0.8665645451172916,0.8799223815397257,0.8868626990949804,0.8940266334157778,0.8933707706446125,0.7815821357071312,0.7818202365965117,0.7889521360638019,0.7943784162190717,0.7935336120861234,0.7913452162539992,0.7968171993115876,0.7968627641549753,0.8027615171180089,0.806232171710021,0.806555293573865,0.804477745130972,0.8531976821942764,0.853301520320497,0.8567698944706794,0.8605967275242334,0.8625815238277644,0.8609771493899543,0.8552530794930354,0.8553406207735536,0.8638888723191382,0.8645045785064646,0.8675203349372951,0.8671837082502769,0.7561879490568082,0.7562599148213248,0.7659414728137331,0.7705700248776013,0.7787558849542568,0.7747768535543645,0.7158678209033691,0.7160307661125997,0.7352014580561593,0.7362885670470988,0.7322107531920895,0.7307452073788006,0.6819172448599522,0.6837610597004171,0.7013644533420933,0.7038800502286175,0.7080802362319321,0.7038504274418287,0.8229307978378797,0.8235171478545966,0.8274308378738204,0.8301971761148855,0.8303324725656376,0.8277178776285423,0.8048242106577161,0.8048437341347541,0.8109043732681479,0.8150293194938163,0.8256927817131916,0.8237447694646997,0.8124451793147288,0.8124815191625161,0.8243103732464644,0.8369513785158893,0.8466792723042329,0.8473453655340574,0.7148782162487706,0.7150605908816162,0.7242992308245062,0.7247155840634892,0.7256546561828628,0.7207375279080123,0.7561753054543805,0.7563440430563444,0.764443962644249,0.7653931832733607,0.7654814859135316,0.7636484700402059,0.8105375655981161,0.8105523537743339,0.8163902888043534,0.818302412451534,0.820876787108352,0.8187772780525445,0.8213769980128816,0.8214874138623289,0.8288863397577737,0.832852485968439,0.8368469186630884,0.8353939136093425,0.6949260874355996,0.6949647393344704,0.7067424189436728,0.7114453027138541,0.7204859786340883,0.7180543855928188,0.6651217628541921,0.6656492561478011,0.6796510424856748,0.681274848954966,0.677322592601401,0.6742730111390178,0.6184931523048116,0.6224641028769848,0.6411513876748218,0.6425379706579002,0.647205718987744,0.6390968226150691,0.7928478882558401,0.7929635230732562,0.7996163651336212,0.8038674117361095,0.7972547961063345,0.8008668608517003,0.746522402659052,0.7466044821887146,0.7535283368857533,0.7640395041386329,0.7706031225571094,0.7691457077637445,0.7584429081472399,0.7595685446302342,0.7723322170117826,0.7830352908910722,0.7975048019662614,0.7962326550117849,0.6543699955636221,0.6559196993186214,0.667217068422723,0.6671355650387734,0.666533026664398,0.657931177243435,0.7200806320354102,0.7201211993773733,0.7301180995679482,0.7315517170684753,0.7314268177304173,0.728933156199737,0.768319665978381,0.7683456833186181,0.7755808095107226,0.778089518086315,0.7799846941765562,0.7785288272602806
82,0.9265680906307849,0.9266266666164876,0.9294099568278126,0.9337349530388768,0.9366147333809464,0.9359951789228355,0.89278168757954,0.8927852994632568,0.8967099830383591,0.902957935825551,0.9063279352576389,0.9055663593627568,0.8360545819942888,0.8371776726220844,0.8472142004577183,0.859148264171435,0.8586764570960662,0.8553323210621856,0.8443477465781234,0.8455182828009139,0.8567471769040436,0.8636619559161978,0.8641531379611782,0.8623782219793089,0.8993186511540273,0.8993507115340393,0.9035823056181561,0.9043269774061038,0.9049847305154065,0.9049608536107001,0.9266693009832445,0.9266762460550471,0.9318336141243029,0.9362217602175927,0.9413225813928976,0.9408571270146942,0.9232132497186456,0.9232241452547671,0.9318266158523962,0.937113406627363,0.9424798127511939,0.9421363326162835,0.8628420543557924,0.8628457698819962,0.8729340641846347,0.8741081523682991,0.8755774232650965,0.8723424006361913,0.8565369053283863,0.856627058850533,0.8622731786967658,0.8653601315052739,0.8662282238880614,0.8656004564070856,0.9018066441244187,0.9019705430018485,0.9074049584044832,0.9089098642968777,0.9099766279967065,0.9090140021052646,0.8887372283574655,0.8887891367275583,0.8937022216384345,0.8972225625481276,0.900427203300065,0.8999106389056866,0.8195978400147801,0.8195994140661909,0.8287797571112986,0.8329082634940119,0.8363322107103585,0.8360321166050755,0.7699987851559109,0.7701324461070946,0.7900827380367191,0.7915097190932061,0.7934902897126073,0.7880731758965592,0.7541901121941088,0.7551097694560062,0.7668337650689553,0.7767189145845154,0.7787012675433638,0.7757230834723143,0.8550230624609275,0.8550545511710969,0.8582209123799548,0.8607593086389174,0.8608280715384335,0.8616859469692312,0.863552533728812,0.8635925796417665,0.8745348493724139,0.8777791915274048,0.8820724233447275,0.8819814469627993,0.8665599101353612,0.8666160274915227,0.8745850125936749,0.884143761986585,0.8951754079256913,0.8940572883394682,0.781582135750895,0.7817720618150437,0.7915462285924625,0.7935243909477151,0.7919693430376721,0.7894115554129417,0.7968172005480142,0.7970408766114188,0.803645336610861,0.8061228563102099,0.8065807496628438,0.8049804017330845,0.853197682192945,0.8532164275168351,0.8588406874521628,0.8612658949162508,0.8632412587685854,0.8618898500235646,0.8552530794911282,0.855382054799929,0.8582753932774054,0.8630239397071653,0.8680519916747449,0.8675866642386637,0.7561879491060004,0.7566764276632134,0.7628629295895653,0.7705605157333304,0.7774575597346118,0.7763937313385676,0.715867820889933,0.716016683250127,0.7335356449525227,0.7369230651298959,0.7375259591672227,0.7306987611700959,0.6819172447804347,0.6838505201758793,0.6987111848154011,0.7061093880520697,0.708850179519012,0.7051581859558316,0.8229307972047692,0.8229595570117595,0.8291993029298823,0.8313476037439533,0.8301871919643498,0.8283633995364116,0.8048242106486369,0.8048371470118332,0.8131478577521252,0.8185028287525695,0.8229409913747459,0.823726050566612,0.8124451793182369,0.8126096833686506,0.8253775317359826,0.8343416966294784,0.8469195558523985,0.844224163638272,0.7148782162214842,0.7149406820121411,0.7259678689310856,0.7258763389872671,0.7270431268356274,0.7214009187005881,0.7561753054543912,0.7566297296030029,0.7641887170506856,0.7656301440255076,0.7646862404261225,0.7628631386768822,0.8105375655992714,0.8106053476261277,0.8161397175028935,0.817032957550639,0.8199940198146556,0.8189058658812324,0.8213769980181677,0.8220198486960995,0.8273634404722536,0.8324665802493308,0.8365775978654011,0.8353819741023784,0.6949260877070065,0.6950577693112874,0.7056323968970968,0.7130681348907322,0.7204384623792323,0.7182937682648146,0.6651217628542095,0.6657810638795159,0.6803199548017238,0.6816488436643778,0.6802589354160316,0.679572073278395,0.6184931522837802,0.6193631364270946,0.6351393679742587,0.6452584707493165,0.6444397570897585,0.642725953596362,0.7928478882558423,0.7933486235155554,0.8008922582280287,0.8027106768725806,0.8018636955523681,0.8002740196730198,0.7465224026594196,0.7466058789228285,0.7512519160078523,0.7580916842582752,0.7708815312799784,0.7699846659393027,0.7584429074020315,0.7584479410917495,0.772300040769861,0.7848023962081472,0.7995091369813516,0.7963015412025097,0.6543699955386233,0.655024673808891,0.6658713251262119,0.668676231147513,0.6651925838590992,0.6602663539607314,0.7200806320457009,0.7221983428524099,0.7292069689311811,0.7311684304220345,0.7322788186240571,0.7283526242124825,0.7683196659784413,0.7683639213147802,0.7743010755657377,0.7778466906887365,0.7792787289889682,0.778140244199961
83,0.9265680909328117,0.9265690696833921,0.9312183358819164,0.9338846028715179,0.9366938435171847,0.9360343507845454,0.8927816875797395,0.8927983202081528,0.9001949165477912,0.9033974206770617,0.9060279157068907,0.9055357789176056,0.8360545819914168,0.8360627059726422,0.8565597960181888,0.856875039895055,0.8583238828506798,0.8538354495025232,0.8443477465786893,0.8451516620349256,0.8558689695247463,0.862271463708882,0.8639572190921871,0.8625131128143186,0.8993186491270494,0.8993204260643747,0.9038135792091568,0.9042247192992832,0.9056931387142804,0.9050918408013036,0.9266693008728139,0.9266813410710871,0.9318031596209564,0.937328759433432,0.9410066288284102,0.941109841704207,0.9232132505929783,0.9232276095142569,0.9288324828467894,0.9374445788460306,0.9427441316159756,0.942010784697294,0.8628420543661666,0.8629206399839895,0.8710276168883071,0.8741043023987501,0.8751071832682877,0.8728625531865088,0.8565369052924551,0.8565436410001198,0.8632891755661505,0.8647154913479157,0.8663082426805743,0.8654089843501054,0.9018066441114626,0.9018385813098969,0.9073367958951132,0.9078884703518407,0.9102380780990696,0.9086804859530037,0.8887372283574686,0.8887933900143381,0.8943322921679155,0.8969397147337776,0.9003819128606843,0.8994247955868947,0.8195978400148394,0.8199131452217642,0.8246266695382549,0.8322660055245545,0.8383556112978288,0.8361819442180495,0.7699987856530339,0.7704943625975984,0.7883861044700979,0.7928498465572965,0.7928432078663845,0.7883859828476065,0.7541901121582639,0.7542518310026809,0.7689272605657915,0.7734439160389027,0.7779304557647932,0.7753393249977522,0.855023062427147,0.8550575255328676,0.860085163605462,0.8620285208830667,0.8611425078307099,0.8588252562780765,0.8635525337289564,0.8636585426587574,0.8713727953657833,0.8756881898434915,0.8815905558188757,0.8811397425607878,0.8665599115144347,0.8665807914883203,0.8734476610489467,0.886104023994743,0.8941181087190557,0.8921913114682285,0.7815821357153245,0.7816944754119369,0.7877779856698002,0.7940952132816099,0.7915284978208533,0.7885141605016259,0.7968171993114157,0.797614164018049,0.801043521383179,0.805773032153962,0.8056633665677598,0.8054399540556841,0.8531976821924222,0.8533139641114978,0.8588808483344234,0.8607031588083973,0.8628214574201278,0.8603367289494787,0.8552530794913824,0.8555952417698575,0.8628092758366693,0.8653307034630107,0.8680109925567581,0.8656973559071504,0.7561879490568352,0.7577576598822976,0.7656224534059671,0.7696151315881489,0.7792877274544961,0.7759263936667936,0.7158678294033536,0.7160383177571898,0.7350451111225558,0.7353426601684989,0.7364177011956559,0.7274922139825044,0.6819172449061424,0.6826737340821518,0.69795731398464,0.7055299994521081,0.7065438094912715,0.7054106002191517,0.8229307963587436,0.8229942208020267,0.8282370189856396,0.8293934787097592,0.8297019173728364,0.8295904019606168,0.8048242106486729,0.805017000724675,0.8122895086166528,0.8192259256903917,0.8242380649050814,0.8237605249495872,0.8124451793147548,0.8125736433003847,0.8238823921053837,0.8330759900999846,0.8459056628026012,0.8445599416355967,0.7148782162207254,0.7150503143641287,0.7242746626654051,0.725067672117192,0.7281119376605129,0.7231369819023803,0.7561753064711245,0.756583825054431,0.7639811212122842,0.7658846038853372,0.7647189260058033,0.7639139032169018,0.8105375655981124,0.8106286716374169,0.8154971031225801,0.8177549175344244,0.8206211457482646,0.8189350443153334,0.8213769980152208,0.821717428237538,0.8297960741470629,0.8313752601289099,0.8358006319619862,0.8342168550089244,0.6949260873907431,0.6949842880441295,0.7049275613524686,0.7121990339679636,0.7218315509377986,0.718388600097084,0.6651217628769515,0.6655218068801654,0.6800625558694534,0.6834828360034007,0.6808394999028116,0.6733147773884223,0.6184931525417684,0.6192844881139634,0.6387492513226585,0.6429019257767918,0.6456292774970149,0.6394881883001069,0.7928478882564304,0.792864833889755,0.8013032590469106,0.8020659764927098,0.8022233050773697,0.7978321871624898,0.7465224026590699,0.7465286838399379,0.7568426615296957,0.761845382824229,0.7697303695433498,0.7692823873583114,0.7584429073968479,0.7592158300709537,0.7719311000769982,0.7815256996659679,0.7994181788695746,0.7974818196148626,0.6543699955352118,0.6550468042662363,0.6657335677602743,0.6680256187909313,0.6660185248424919,0.6594151256060519,0.720080632035405,0.720344115838748,0.7302796938109399,0.7314956765282364,0.7309641320587187,0.7277553404408483,0.7683196659780143,0.7683649591742734,0.7751004274333282,0.7770129669208885,0.7805578011113908,0.7770567906425385
84,0.9265680906312604,0.9266072367741643,0.9307205401088519,0.9342344087672665,0.9366977049287607,0.9356089693106014,0.8927816875764563,0.8928572466380365,0.8998238550605555,0.9031150311762585,0.9063232882898441,0.9052131027874788,0.8360545825360992,0.837132430433402,0.8504906667659776,0.8570043379581754,0.8589182157673678,0.8557712642048746,0.8443477480053472,0.8444195122775215,0.8610831847475271,0.8633814928074462,0.8643579632009257,0.8619656674860204,0.8993186491270907,0.8993649714564899,0.9031658766234147,0.9051566351727538,0.9054473595610871,0.905067378874114,0.926669300871536,0.9267088388985506,0.9327269008916341,0.9375802455115154,0.9402367988156347,0.9404667631242114,0.9232132498437129,0.923225445640947,0.9299675443229745,0.9373431109889554,0.9422948265076684,0.9423131981737614,0.8628420543558022,0.8628722573576295,0.8715557674395114,0.874931324679833,0.8747742338112721,0.8728949213214948,0.8565369053019218,0.8566586828861209,0.8623919542862022,0.8660075154391607,0.8661071994345763,0.8655267199763605,0.9018066441094044,0.9018260318912517,0.9056854107282852,0.9085098483751936,0.9101287442025843,0.908882678082028,0.8887372284191263,0.8887458867558834,0.8940728942966626,0.896882908382729,0.9009198353057666,0.899306856066436,0.8195978400295086,0.8196607144062722,0.8279810823998913,0.8318482679349632,0.8380436916770507,0.8370772847390684,0.7699988035946026,0.7713127137891775,0.7875838225551919,0.7928105754077412,0.7928041767848931,0.786712944417163,0.7541901121572404,0.7544329341623011,0.7659761716206326,0.7737401431500246,0.7772975681280085,0.7747312199918789,0.855023062426815,0.8551409057722086,0.8593911429261063,0.8615120948990866,0.8594631740136349,0.8578214923597279,0.8635525337288168,0.86356054834202,0.8713086495857398,0.8749937141251378,0.8819709199083414,0.8813557916841649,0.8665599101353613,0.8665918026228885,0.8763372400231988,0.8859927419969533,0.8945696555503708,0.8937046952500617,0.7815821357145449,0.7815978325573899,0.7914982753764416,0.7920653759960329,0.7913177742737059,0.7894767147765523,0.7968171993133571,0.7971822384602215,0.8035529174357485,0.8054813122979944,0.805953462846663,0.8044724990529126,0.8531976822098779,0.8532478682570629,0.8586920386163459,0.8613633737649226,0.8625879599681552,0.8614222548387774,0.8552530794878762,0.8552826827248216,0.8624842554412979,0.8644499494245746,0.868156841440856,0.8674973235938324,0.7561879490569358,0.75660900869128,0.7668166191609185,0.7708753741015462,0.7781832278120371,0.7749524202998213,0.715867820889786,0.7158991390522266,0.7317906196354049,0.7351899587968898,0.7354710135900371,0.733775797479865,0.6819172447304225,0.6829099781831834,0.6980962515631848,0.7059717120112516,0.7084535812292899,0.7030966656764506,0.8229307963362472,0.8232134269683151,0.8279109987017016,0.8313713013479745,0.8281957631502441,0.8271554468847424,0.8048242106499509,0.8048595043338398,0.8111258395071149,0.8183897755632171,0.8238396498870906,0.8244185311375138,0.8124451793149022,0.8125931672981733,0.8256682145427668,0.8359499310490062,0.8450737907110503,0.8444306720437615,0.7148782162656799,0.7154197647859957,0.7264677689471921,0.7243786667780501,0.7254942170276671,0.7199388419270452,0.7561753054840412,0.756422862792651,0.7619888226077998,0.7656397637013583,0.7660501374800035,0.7626650469225961,0.8105375655982405,0.8105537955639124,0.8158926245137837,0.817286536746652,0.8205630520709759,0.8194081870236335,0.821377018269635,0.8214073607820909,0.8294840889299104,0.8334246523355742,0.8361541255471945,0.8346975859829279,0.6949260875715544,0.6952508643519544,0.7069287038520056,0.7112085244483872,0.7192966285493825,0.718991844595867,0.6651217628541919,0.6652234526166354,0.6785253408891005,0.6849557816721754,0.6830907720180589,0.6786672712106103,0.618493153004559,0.6196815069164976,0.63756559587876,0.6447954309968786,0.6481468291842851,0.640840326579907,0.7928478882561172,0.7932336471264395,0.8008713510849583,0.8023349262246214,0.800173670177492,0.7985077297976336,0.7465224026799442,0.7465893100132528,0.7546362875773326,0.7601328731129006,0.7705818021094928,0.7696943398917421,0.7584429073971661,0.7586396155290341,0.7699603067921276,0.7815026897796864,0.7992553796843784,0.7965764408461853,0.6543699956868676,0.6553778991912655,0.6688461933907135,0.6655567412092989,0.6665254330067991,0.660907510512655,0.7200806320926489,0.7209102020170506,0.72929811199285,0.7311476217436462,0.7320350056797482,0.7293569226079877,0.7683196659800895,0.7683314954355055,0.7730712927408938,0.7773353315247763,0.780355850840892,0.7786379900493583
85,0.9265680906337334,0.9265760722857918,0.9290245925022231,0.9335344865455364,0.9366599000809148,0.9355242542648085,0.8927816875763606,0.8927881749297528,0.900698840695052,0.903492990422978,0.9060650399927901,0.9053211397594656,0.836054581989551,0.8361362826789143,0.8524457277412352,0.8566917261751937,0.8574380820629586,0.8564268120989185,0.8443477465911097,0.844407832834325,0.8588186435848829,0.8623397220148101,0.8644560860477478,0.8619771485718951,0.8993186491281308,0.8993542706236984,0.9032541288602132,0.9049815041883978,0.9063969936517141,0.9056367351406371,0.9266693008715149,0.9267966668424216,0.9326685157755088,0.9358778959833701,0.9402174064058333,0.9409257039095265,0.9232132497999068,0.9232534053743249,0.9292850293568101,0.9378851346751573,0.9423746452334449,0.9423218696776613,0.862842054357788,0.8628899607499643,0.8727685443481457,0.8730002343352393,0.8749508667006101,0.873765221519051,0.8565369052923889,0.8566718262128188,0.8617248151712463,0.8653795552899937,0.8669718006864016,0.8652670265162805,0.9018066441104415,0.9018221578762241,0.904668411327977,0.9088141503103897,0.9100353619525007,0.9090536289344401,0.8887372283561871,0.8887533055586779,0.8956914099274296,0.897463405649462,0.9002730592689966,0.8997047551997773,0.8195978400146772,0.8197631719272316,0.8281093257372493,0.8320015444342568,0.8377897776413092,0.8369783145980716,0.7699987851559522,0.7701550171297273,0.7898219683875503,0.7916625916581344,0.7951999302361751,0.7887852596678844,0.7541901121576955,0.7545589678455293,0.7723288277696663,0.7763035458158825,0.7774036346627134,0.7741250214769609,0.8550230624757399,0.8550565686005648,0.8605394719935227,0.8623365138629046,0.8626541498255978,0.8585593179173528,0.863552533728812,0.8635948784722502,0.8702410579638171,0.875778319057587,0.8821975599479092,0.8794992317822197,0.8665599101353847,0.866738014110884,0.8771889181224457,0.8832639418188564,0.8944483116820154,0.8936625452800305,0.7815821365411743,0.782078625562102,0.7897584561193208,0.7932922917187829,0.7917250667002874,0.7903182174712635,0.7968171993114179,0.7976842288424942,0.8051649027778516,0.8056604725586493,0.8069448994095453,0.8059944952738266,0.8531976821896815,0.8532118871300093,0.8588773627250641,0.860156846339321,0.8626540969826703,0.860415137074917,0.8552530794893944,0.8552777942500761,0.8630398247651887,0.8656754789893617,0.8690275004232427,0.8667203264079497,0.7561879492088818,0.7564146894692322,0.7664072573058132,0.7712589371127826,0.7777677529520607,0.776683184019616,0.7158678208925267,0.7159333357426303,0.7324197452539718,0.7367937612836181,0.7400717157792869,0.7303212945071283,0.6819172447383939,0.6826295592557099,0.7014957839365035,0.7035164598219579,0.707836378950427,0.703359735131843,0.8229307963362398,0.8230700145282388,0.8288236480308488,0.8311254706213596,0.8310923760862503,0.8250941760505957,0.8048242106493112,0.8048689385397042,0.8116253161813942,0.8174489561617058,0.8251125363159548,0.8244251066471194,0.8124451793151678,0.8126199073737826,0.8205129828900922,0.8309180436425498,0.8477047686753704,0.8459839248857939,0.7148782214427519,0.7149530527225326,0.7253271988147357,0.7254536772600428,0.7296101528559362,0.7227384277544618,0.7561753054543445,0.7564870128738406,0.7629665087103683,0.7658416451080053,0.7654420274257965,0.7637026786200494,0.8105375671921906,0.8105425796118393,0.816175367050837,0.8177689490744725,0.8205095857377611,0.8190331935433277,0.8213769980628782,0.821463875146152,0.8299239025072213,0.8326803806764864,0.8370524533465542,0.8350433653108624,0.6949260873982774,0.6949390615648154,0.7045349184125222,0.7107741713172093,0.7199386499690545,0.7185907170545096,0.6651217628541928,0.6653799421807771,0.6796247915740281,0.6823431511987315,0.683044275652008,0.6783849889444751,0.6184931522838291,0.619184206168587,0.6346124452595012,0.6462285021808456,0.6469596132247311,0.6429081113758942,0.792847888263319,0.7929010914064826,0.8000334715884652,0.8024907351968491,0.7995455920425978,0.7997112060480782,0.746522402659078,0.746588509679699,0.7528270233092664,0.7585864456137476,0.7683619665320597,0.7710357490947743,0.7584429073968888,0.7593705234057774,0.7671170823919743,0.7846100788452658,0.7974291374797393,0.7971125600227124,0.6543699957265396,0.654584610582855,0.6670210856722768,0.6664996410800441,0.6697228923417069,0.663942814806377,0.7200806322327982,0.7210275316966526,0.7297044403580687,0.7308269399888339,0.7309266268978141,0.7300662212407187,0.7683196659823857,0.768355824225406,0.7742608703916748,0.7774202342738914,0.7797874951911519,0.7778337923149379
86,0.9265680906391186,0.9265720666151795,0.9298659443582292,0.9342502294041055,0.9364157992515656,0.9352841189019772,0.8927816875761502,0.8929093765688576,0.9000453412830887,0.9042367825809552,0.9065217521111109,0.9051412790385117,0.8360545820970676,0.8372414594481228,0.8490409072414005,0.8556548819896009,0.8573013936547524,0.8549265042713861,0.8443477465825255,0.8448936231429292,0.8607827679524979,0.8635242103907641,0.8641736254633782,0.8616617318630843,0.8993186491270374,0.8993853676945531,0.903032417795238,0.9039887372361457,0.9061437360707033,0.9045768153262217,0.926669301098567,0.9266950080402596,0.9336587059061271,0.9378584902633595,0.9407103700543676,0.9408593964255825,0.9232132497162568,0.9232840237264843,0.9315376359214385,0.9384017645545898,0.9422334610918537,0.9411298136149057,0.8628420543522948,0.8629214193784511,0.870686491614169,0.871796682273609,0.8745502028342373,0.8727758801357798,0.85653690529231,0.8567134021384264,0.8615330393970821,0.8655789663861237,0.866852796051169,0.8650349340237637,0.9018066441092005,0.9018141335264133,0.905612731418259,0.9086311866771467,0.9101778511421408,0.9088822058970859,0.8887372290841725,0.888749448698285,0.894765986491997,0.89775005110233,0.9003097368826504,0.8994705341293628,0.8195978400146717,0.8196745624383672,0.8240562799672354,0.8336019943790974,0.8372078753205758,0.8363946346180837,0.7699987859632106,0.7702322523025438,0.7900300825679876,0.7935475503792979,0.7920401568884469,0.7854871939729893,0.754190112160581,0.7544308309299431,0.7706023176358203,0.776520606192951,0.7765130519301924,0.77454450263528,0.8550230624622391,0.8550589128788404,0.8588662362490561,0.8620500893482388,0.8616819465888481,0.8579110003698772,0.8635525338677834,0.863562876392848,0.8725823431539914,0.877156840788857,0.8813775567866328,0.8808932804676525,0.8665599108261053,0.8665658429689412,0.8751205134626042,0.8843299889069437,0.8961595280293604,0.8940838612727267,0.7815821357145389,0.7816493585463715,0.7926580411288644,0.7926811309383077,0.7918164795777904,0.7915741367270328,0.7968171993209328,0.7968339992202432,0.8039116703612816,0.8064913960550398,0.8063441516661705,0.8048341003097662,0.8531976822236509,0.8532665176425072,0.8570893021748541,0.8609108178746893,0.8631390648401056,0.8604391803251057,0.8552530794887575,0.8555404862452778,0.8610645130982015,0.8646832754765822,0.8686308089504361,0.8668958997109366,0.7561879490864057,0.7562464952362167,0.7681171902065735,0.7712967816561564,0.7788448099984255,0.7759087929540417,0.7158678208918386,0.7161706019904779,0.7313391575723831,0.7343830126700737,0.737786109494794,0.7345176353803211,0.6819172447327166,0.6850525985685698,0.695082212242605,0.7042503483225083,0.7079146262095106,0.7046712175743108,0.8229307963371433,0.8230937616831142,0.8289192685619937,0.82975804650863,0.8301050417142501,0.829100673314667,0.8048242108172685,0.8048302638186294,0.8092510011741558,0.8177855047269389,0.8242647678618903,0.8247065918297526,0.8124451793591667,0.8126123755088268,0.8245026991768629,0.8330816858298481,0.8469465256444041,0.8461907422612128,0.714878216218836,0.7160269960617978,0.7263188830381355,0.7255080126872797,0.724096710908835,0.7188337344095488,0.7561753054577244,0.7561906906187618,0.7628627656669931,0.7657995096957175,0.7640452166701661,0.7628707069012308,0.810537565598259,0.8105488460313981,0.8151921525824766,0.8176625926592926,0.8204540691913161,0.8183529962466517,0.8213769982866781,0.821502370678376,0.8295471672079545,0.8319200552308159,0.8368010311417279,0.8347080988081426,0.6949260873907381,0.6950064372886238,0.7060064760530824,0.711149541808061,0.7204306027134046,0.718314420570149,0.6651217634221862,0.6652812079019507,0.6794064246779761,0.682212471929204,0.677442774898207,0.6729302921793973,0.6184931548987402,0.6188159621455622,0.6421779470937066,0.6407229730258129,0.6457718093008391,0.6402131988800628,0.7928478908373322,0.7932753747288829,0.7996713549822707,0.8024148175062088,0.8031905603724121,0.798606603692564,0.7465224026780107,0.7465671106188239,0.7516316997626984,0.7603507775344491,0.7692322657368875,0.771231555018795,0.7584429073973318,0.7586170934758356,0.7738268396963568,0.7811990427508305,0.7990570316310833,0.7980606495110487,0.6543699955349753,0.6545998280146459,0.6646849614118278,0.6681805997371515,0.6666592544467552,0.6661696149183103,0.7200806339884187,0.7203361782271432,0.7285853724794096,0.7312516600677155,0.7316249837661274,0.7282952845921731,0.7683196659781137,0.7685834027160314,0.7751137796606288,0.7778944851632612,0.7803687223364824,0.7787103367258493
87,0.9265680906308148,0.9265814696569935,0.9307351217488712,0.9338402853010667,0.9362442855033222,0.9356262014569006,0.8927816875759894,0.8928114703387828,0.8994438833351981,0.9023467354584219,0.9064947782087508,0.905378449006534,0.836054581992145,0.8362016267100396,0.8530424733714453,0.856529530427776,0.8580943018467467,0.8540295483513171,0.8443477465780977,0.844415343933104,0.8612138000331672,0.862404560733339,0.8636264283894767,0.8612932631869766,0.8993186491586709,0.8993425796933268,0.9029174197468401,0.9059361342355609,0.90722328619598,0.905444629764308,0.9266693008719475,0.9266971171338146,0.9325966186559417,0.9361547525638871,0.9408670321369553,0.940645240473465,0.9232132497169412,0.9232283713328783,0.9330115213835036,0.9382484800697377,0.9428299543760643,0.9411951347186902,0.862842054351793,0.8628884731174513,0.8684641396997826,0.8735821706200803,0.8750198056068188,0.8717368530953777,0.8565369053089585,0.8567669192189854,0.8618879106766962,0.866582484733081,0.8668859737496987,0.865588926348502,0.9018066441092017,0.9018092039521699,0.9051353601961902,0.9084995918197256,0.9095234623422844,0.9091746514939946,0.8887372283574632,0.8887743476790703,0.8958266298765226,0.8980247528603758,0.9005727820321175,0.8995111309106663,0.8195978400799594,0.8197893437956238,0.8261965130549529,0.8323900322332858,0.8374789963231437,0.8367703761711851,0.7699987851587486,0.7701522763518537,0.7885358312688773,0.7913835759263008,0.7917178556070363,0.7881013251738207,0.754190112157268,0.7544982589899526,0.7710605816052187,0.7745365045835597,0.7775100301568182,0.7741503494795934,0.8550230624267748,0.8550423068292061,0.8569496400389847,0.861890719973517,0.8617082984879303,0.8599428634543289,0.8635525337400154,0.8635955666574231,0.8695062384323521,0.875915686586984,0.8817167911540355,0.8807211957517399,0.8665599101353612,0.8665706372563032,0.8795127902063078,0.88836003915939,0.895198879224594,0.893598937156233,0.7815821357145464,0.7815854004095422,0.7923896084007982,0.791503534535245,0.7925608876437367,0.7885699071314364,0.7968171993131494,0.7985045464205534,0.8045485071562791,0.805557052771968,0.8062401597671212,0.8042551541649191,0.853197682191909,0.8532107062211314,0.8583156181070762,0.8610929797331729,0.863593521846231,0.8615734741405395,0.8552530835864492,0.8554811072395363,0.8610237122573452,0.8646639366179987,0.8682712181671863,0.8677029605043439,0.7561879491969384,0.7561934331954703,0.7659338234671118,0.7697220985750979,0.7777620633592386,0.7764017403334078,0.7158678210280773,0.7158978231933637,0.7319472802002469,0.7355826492484494,0.7346745308962996,0.729135455728821,0.6819172449109819,0.6839648438409587,0.7009942379129064,0.7062591670351714,0.7075014743189727,0.703768754360079,0.8229307963366335,0.8231309343490723,0.8290888549526595,0.8307182510802456,0.8304873204268274,0.8274556453201544,0.8048242106486277,0.8048324917147166,0.8113923351729139,0.8174040576135444,0.8251782467686563,0.8248059320200646,0.812445179314943,0.8124469055423886,0.8249335637260974,0.8339023816734691,0.8473509308739613,0.8460709400312431,0.7148782165800629,0.714951734909623,0.7245079675414688,0.7255354229188218,0.7231037888680767,0.7217874272663951,0.7561753054543919,0.7565710311308598,0.764609700929628,0.7642980859629586,0.7648471935283094,0.7622975644792721,0.8105375655981184,0.810539929084957,0.8155651181898486,0.818433913885428,0.8209858729092057,0.81737165741699,0.8213769980413304,0.8215350257537261,0.8280240925955165,0.8330792320611065,0.8360158722757773,0.8357554364777748,0.6949260873910345,0.6951762270333797,0.7041748066755334,0.7122610626117133,0.7214994591178493,0.7179849170691245,0.665121762854143,0.6651282080090792,0.677922217111315,0.6817430339344317,0.6810911404072624,0.6764750341375865,0.6184931524652058,0.6203187446858882,0.6366971150053473,0.6427832976333561,0.6444653895398813,0.6430269797903998,0.7928478883091967,0.7928894115597731,0.7994520907816599,0.8028930674414012,0.8005747387621264,0.7962386627249587,0.7465224026590848,0.7465367611245561,0.7559676422596793,0.763230841171907,0.7698823436481445,0.7726844423988963,0.7584429073968812,0.7592253680612985,0.7710602305872007,0.7821400302467681,0.7977949778677091,0.7970714774761676,0.6543699962506517,0.6545623676980596,0.6634569064214982,0.6693909888002743,0.6645699964931725,0.6609231560650348,0.7200806320354044,0.7208580307392674,0.7293824843196923,0.7310615412956782,0.7317774550237097,0.7281415366609546,0.7683196659779588,0.7683739389474805,0.7748055506062772,0.7758697051045959,0.779549581452535,0.7771573262049138
88,0.9265680913237703,0.9265714265214129,0.9315050103962151,0.9336948065367335,0.9364993903310901,0.9353524688034682,0.8927816876097089,0.8928189549515322,0.8977901210734384,0.9032670741455421,0.9058031693362207,0.9059983870100055,0.8360545819883023,0.8362195523521258,0.8519270806967167,0.8589645331990423,0.8599138792078885,0.854580765690612,0.8443477465786575,0.8446846171457856,0.8570983900277758,0.8638034152419218,0.8644774354851297,0.8627196292097677,0.899318649178839,0.8993594552615097,0.9034267612881197,0.905339654910063,0.9045922227365567,0.9058207519732462,0.9266693008833877,0.926687171957035,0.9325964016033839,0.9360900833955431,0.9407696626927143,0.9414394962484733,0.9232132497984534,0.9232240370897429,0.9336968615683419,0.9375505270872713,0.9428884765719144,0.9418589748081048,0.8628420543516464,0.8628935831125146,0.8716167882400422,0.8732313666971341,0.8751850326873192,0.8733262034416791,0.8565369052945437,0.8565445488118479,0.8640427295409266,0.8652986689621665,0.8668522171830839,0.8655027831012184,0.9018066478969683,0.9018092842439174,0.9047360176225254,0.9088622553318956,0.9103182306959805,0.9087958032126866,0.8887372283659517,0.888910368055297,0.8939774452685012,0.8982469413877516,0.9003569868191142,0.8990939635156305,0.8195978400147107,0.8197598950722544,0.8274354071261261,0.8331705617319491,0.8388300045507336,0.8359957165993013,0.7699987851981445,0.7702292784614985,0.786058429905724,0.790049620864784,0.7955273870795561,0.786666123760049,0.7541901121578478,0.7546865536207141,0.768436560830204,0.7751416917241327,0.7771467025584681,0.7747574431169035,0.8550230624277521,0.8551590179117227,0.861307274353276,0.8629079385570951,0.8616278278674502,0.8621346257516691,0.8635525337288152,0.8635567625098406,0.8702986299029827,0.8763414253442475,0.8823082791519148,0.8811747590798643,0.8665599117843454,0.8666117556446449,0.876869614095452,0.8869370255498661,0.8951453977030029,0.892468042245961,0.7815821357167494,0.7818321747726139,0.7852670410991486,0.7907517837610449,0.7940782718077526,0.7883491692549445,0.796817199564507,0.7971989756823861,0.8036182457209768,0.8064788849394002,0.8062886228763313,0.8049998177842669,0.8531976820960367,0.853253554730019,0.8588454356428489,0.8599019583362177,0.8629817985929807,0.861700300619816,0.8552530794879074,0.8555586854922632,0.8633442187274452,0.8649032688205027,0.8681501595405652,0.8670480253265298,0.7561879490694146,0.7561897751454973,0.7668705663299673,0.770947155626045,0.7770804620153464,0.7761694892520455,0.7158678208915303,0.7160556287613611,0.734926721238327,0.7376248587184185,0.7385041099547032,0.7312011056691194,0.681917244730657,0.6820788023768499,0.7012927043536872,0.7061443136132582,0.7086383984751679,0.7020474849130691,0.8229307963362843,0.8234685142994784,0.8283471593803206,0.8307237095561049,0.8297753058525482,0.8290249784712986,0.8048242107299292,0.8048430365221022,0.813406093135139,0.8163049181443807,0.8247831227806517,0.8249044845186995,0.8124451794230425,0.8125220225169065,0.8261208369857084,0.833414765576376,0.8469381813006515,0.8455516331636875,0.7148782162206595,0.7163025166082744,0.7249706875792961,0.7282989907358564,0.7266785563998828,0.7226712847981775,0.756175313453846,0.7570738194653376,0.763260004866466,0.765531949795327,0.7652511995394279,0.764219855383895,0.8105375655981485,0.8105632741780053,0.814819149798459,0.8179258341638955,0.8195542949994857,0.8183881767683873,0.8213769980163784,0.8215911864362656,0.8283958637846001,0.8326161317752959,0.836331399753633,0.8355608774239596,0.6949260874005263,0.6949445110526795,0.7050764840618233,0.7116668133159216,0.7212402221207557,0.7192589872927649,0.6651217629583518,0.6659988670605975,0.6805097744358259,0.6831667378602231,0.684791096083473,0.6749894448458538,0.6184931523145958,0.6197996462474289,0.6376746878919332,0.6467115176341606,0.6476338467184013,0.6409614495657832,0.7928478883364755,0.793085025282152,0.7998437307998736,0.8025906020083349,0.8003324719949364,0.7965912369575671,0.7465224026590123,0.7466906881918741,0.7541133787785934,0.7585383351970003,0.7690472605942402,0.7707697878985432,0.7584429073994724,0.7584990856254203,0.773909831777797,0.7829400778164111,0.7979207533756751,0.7974082561879643,0.6543699955468822,0.6545577864329584,0.6685570646253636,0.6668605368915232,0.6679934693134817,0.6606282303985676,0.7200806320384445,0.7200988291920721,0.7300919130785346,0.7314588415062732,0.7322662288004682,0.7287840582027176,0.7683196659914437,0.7683649981660585,0.7751633180810784,0.7767931818895313,0.7799139462572797,0.7773421127030378
89,0.9265680906307573,0.9266057700803648,0.9300900957991268,0.9336107212384486,0.9361454363334071,0.9363353816457282,0.8927816875759892,0.8928151142695447,0.898967764650502,0.902234020559189,0.9064395469290458,0.9053964765424038,0.8360545820654942,0.836319295539404,0.8508356672673695,0.8563328738985427,0.8594006577302656,0.8527312867159318,0.8443477465780953,0.8444800171876499,0.8564252294128607,0.8631950133891655,0.8649086314782948,0.862308529684882,0.8993186491270385,0.8993286515393174,0.9019840545617119,0.9045647585660993,0.9051290916426409,0.9056297031301317,0.9266693008714795,0.9266745256329051,0.9311965127755009,0.9365121779857525,0.9411501784271916,0.9407112055903739,0.9232132497161806,0.9233067752910017,0.9299532612685886,0.9377722550153677,0.9423736077659118,0.942278484256961,0.8628420543516286,0.862863821209104,0.8732218342288647,0.8736362173623707,0.8746577468208276,0.8724519788653593,0.8565369052923177,0.8565496287203855,0.8609833045588497,0.8655628969723382,0.8670060011059748,0.8648936602122069,0.9018066441092005,0.9018156437428375,0.9049362327162417,0.9090787746436375,0.9104257690915251,0.9088251295269199,0.8887372283589868,0.8887926516442601,0.8947975768213166,0.8976550754415804,0.8995136847707985,0.8998001994694709,0.8195978400146884,0.8196060849957539,0.830516771286091,0.8323980272625611,0.8385559405868112,0.8360323586845723,0.769998785155946,0.7703138752565801,0.787314018256562,0.7916589750767103,0.7924109843651481,0.7857187770815961,0.7541901125373969,0.755061759016924,0.7657903168659648,0.7750683902914814,0.7781837718302763,0.7748414540795601,0.8550230624302039,0.8551248349815933,0.8605650835551075,0.8617326794938338,0.8623317304807687,0.8568351505505453,0.8635525337582168,0.8635663600845017,0.871592417892952,0.8759767326996382,0.8813052020669581,0.881336145098981,0.8665599101354691,0.8665803832626124,0.879030219276758,0.8866080219923481,0.8944211681254585,0.8931761594211862,0.7815821357144216,0.7815851970450629,0.7921614469824585,0.7908046326008059,0.7936392240060246,0.7895547968040008,0.7968171993113866,0.7968248782182057,0.8043656506761103,0.8057891869110088,0.806701943438945,0.8047054658528259,0.8531976821905184,0.8534919257471977,0.8587458521084612,0.860062435935142,0.86270784259787,0.8604688601990459,0.8552530794925413,0.8552886388478141,0.8615544993553671,0.8649881508808046,0.8680562144236955,0.8669095256098394,0.7561879490575523,0.7562430153592432,0.7673802361628704,0.7697322942075919,0.7789321225782593,0.7753883732481093,0.7158678209010421,0.7160772240296056,0.732211818372402,0.7337946347843103,0.7386551851183747,0.730099198800185,0.6819172450514968,0.684364399323179,0.6989723712956126,0.7046926573760091,0.7089970045997629,0.7055740461002671,0.8229307963362477,0.8229649998421014,0.8285432022276239,0.8313007838693389,0.8299845135974631,0.8281089755987731,0.8048242106486521,0.804843214757237,0.8101833276962047,0.8185617221151269,0.8254453185731958,0.8251521179306688,0.8124451793196447,0.8125368748732327,0.8252167061507676,0.8341829228764212,0.8457005034247514,0.844706427680258,0.7148782164203688,0.7150924902827308,0.7276915263962803,0.7277397853491822,0.7244651271595935,0.7190849041344309,0.7561753054544854,0.7565528112845975,0.7640325950696427,0.7658367498120582,0.7654156049151652,0.7636817902398281,0.8105375656051661,0.8105552464440104,0.814087075987136,0.817640834554688,0.8207463351098476,0.8185005750208636,0.8213769980129163,0.8224759879451184,0.8304393767417422,0.8318738914747063,0.8355265613575837,0.8355367061448049,0.6949260873907376,0.6949532747778638,0.7029390412305407,0.7123571010966877,0.7197059166395336,0.7196530579634421,0.6651217628675524,0.6651519381112667,0.6780235573266595,0.6786953022140806,0.680132200914115,0.6778314156534658,0.6184931787849877,0.6197995822750099,0.63945543668652,0.6437952427123208,0.6473055148052449,0.642148882239914,0.7928478882558401,0.792976681570692,0.799658287437298,0.8030429840784472,0.7984248696530157,0.7985721287981877,0.746522402670572,0.7465712237151804,0.7530163536201928,0.7609429953658412,0.7709988013585429,0.7711630454283922,0.7584429073968815,0.7587097908734112,0.7723927428144435,0.780999211073471,0.7975727982267489,0.8000516179499928,0.6543699955349999,0.6547927432819506,0.6646713537294036,0.6659894962773356,0.6674528886893094,0.6616830992989533,0.7200806320442648,0.723070279931092,0.7296606459246618,0.7313891471956067,0.7321231816322393,0.728977619871389,0.7683196659780095,0.768629095677382,0.7752352399944026,0.7770382326263678,0.7804665511929485,0.7782550961341612
90,0.9265680906311378,0.9265767709617352,0.9297992238955659,0.9334303432195431,0.9363958994777393,0.9358790668764755,0.8927816875760524,0.892903739304828,0.9009514182625392,0.9027323307179156,0.9066079078735122,0.9055403451987813,0.8360545832809824,0.8361272019929672,0.8527281069821091,0.8579969843833846,0.8590719273551195,0.8538563703788614,0.844347746588699,0.8449420824813912,0.85735929387695,0.8636595956926013,0.8634648885687781,0.8634056978472143,0.8993186491585258,0.8995354644333785,0.9028414884001615,0.9056673224101879,0.9037160226302423,0.9042064364286952,0.9266693008715203,0.9268146170262261,0.9311030376157966,0.9366699818765247,0.9409541343024903,0.9405495116571542,0.9232132497161805,0.9232344465087997,0.9331482833566704,0.9364421671903648,0.9427799536811711,0.9426440997619362,0.8628420544228586,0.862919709191573,0.872615151532393,0.8738711322777722,0.8757401871735411,0.8721046725763664,0.8565369106215601,0.8568631977890071,0.8619961981546845,0.865090784889943,0.8662819214716809,0.865511282486097,0.9018066441412341,0.9018958404405012,0.9052073293247944,0.9080841925440993,0.9102828818725153,0.908980901974145,0.8887372283579935,0.888771126199905,0.893869512339926,0.8972616612909596,0.9006332122419585,0.8996642035955569,0.8195978400146766,0.8196399623223325,0.8272771666267495,0.8334491875149617,0.8386712161056907,0.8367109895702403,0.7699987851657384,0.7704037299778304,0.7914490838296162,0.7896214935387624,0.7937140672353262,0.7893442550031069,0.7541901121572403,0.7541958520253378,0.7686124648557784,0.7744793539114776,0.7777335573242319,0.774022977069627,0.8550230627975606,0.8550572676623339,0.8591367253066512,0.8613673062638219,0.8628183951645864,0.8612470071215519,0.8635525337286455,0.863578485172247,0.8705564236915497,0.8757473515296474,0.8818916483929381,0.8813574795823335,0.8665599101436261,0.8665652110215802,0.8790693594641185,0.8850557572175783,0.8955895337185524,0.8940471387573676,0.7815821421267048,0.7817151265699382,0.7936014553100421,0.7934063881007836,0.7909837917842037,0.7900953006257662,0.796817199478387,0.7968432877340188,0.8038021133973213,0.8053816749947224,0.8062913892370173,0.8050220685276672,0.8531976822382932,0.8532957872376145,0.8586264797913306,0.8607854329250643,0.8632201285011458,0.8617392482563506,0.8552530794878662,0.8553871751745796,0.8602656841649777,0.8661449626976377,0.8683199292849405,0.8663116888366449,0.7561879490575273,0.7562206239392921,0.7637473828839952,0.772100455399963,0.7782888873311999,0.7757683085230713,0.715867820889817,0.7159669014844352,0.733310141105431,0.7353127643665636,0.7379367075456373,0.7298030881142723,0.6819172447304203,0.6821176068581675,0.7002281299139345,0.706142630390388,0.708213192704005,0.704983931738505,0.8229307963317443,0.8229459659280745,0.8290266369406893,0.8307144587432636,0.8281660330614298,0.8302335915434772,0.8048242106594378,0.8048462687088261,0.8135402267087855,0.8173891850506692,0.8232660942283077,0.8257166607740809,0.8124451793147748,0.8124676334611111,0.8207592834427702,0.83345519807171,0.8456329558977143,0.8445155836869168,0.7148782162202085,0.7150661602506179,0.7251432555235446,0.7271193163514469,0.7267540861128123,0.722116081628622,0.7561753054543472,0.7569631061700645,0.7648094438750669,0.7657835614318425,0.7649601969734077,0.7626864943734138,0.8105375655983285,0.8105403503567871,0.8148447447991554,0.81822145562658,0.8206551265011237,0.8194206460394657,0.8213769980128802,0.8214108741255401,0.8294918195822059,0.83273269589476,0.835960227418344,0.8356727545204944,0.6949260875145071,0.6950424736309838,0.7036575700078027,0.7106181521252857,0.7203513874732281,0.7178111723645275,0.6651217628641141,0.6652102294145201,0.6753047046956251,0.6805387593169936,0.681224211088375,0.6754565354854969,0.6184931530542752,0.6186521561701284,0.6356926995114364,0.6454469011468839,0.6462124793781296,0.6415201881333127,0.7928478882560698,0.7929218248806199,0.799720079934816,0.8025077480743698,0.8009272831523713,0.7977190478853167,0.7465224026599506,0.7465620195149651,0.7512213549722719,0.7609507590090354,0.7692242367277007,0.7696487695057325,0.7584429247470992,0.7585214500689759,0.7741317195256538,0.7806579916252804,0.7990662562176767,0.7973822443527622,0.6543699956163651,0.6551932106502536,0.6673361148987514,0.6659853813647487,0.6685469139398958,0.659746371660513,0.7200806320354332,0.7202083340313503,0.7300161347238497,0.7310820869487724,0.7315178175501191,0.7287612187099537,0.7683196668083507,0.7683614521142188,0.7723975377861749,0.7770559325812207,0.7801489836434079,0.778458824778509
91,0.9265680906307578,0.9265817192063464,0.9331012320211011,0.9338685120241796,0.9366341291872458,0.9357450226847901,0.8927816875760727,0.8928505012178127,0.8998632397788546,0.9029703505681695,0.9061737423023065,0.9052584533342389,0.8360545819883028,0.8362548194453476,0.8562567740190596,0.8563491884157983,0.8587436823824659,0.8528322964187806,0.8443477465837753,0.8445679898812362,0.8575358444228086,0.8633016113735917,0.863790752558522,0.8614834669345581,0.8993186491346973,0.8993197227535036,0.9042834592202886,0.9058353988656178,0.9056964777861589,0.9040049106544101,0.9266693008748224,0.9266976814075133,0.9304139869360292,0.9372472288588397,0.9401699404311152,0.9408210350428489,0.9232132497431067,0.9233802321480713,0.9316513217605189,0.9368962809313196,0.9422112828290269,0.9417125363069765,0.8628420543516525,0.862850885781673,0.8707928862365089,0.8749446542986591,0.874863209483402,0.8732948579837286,0.8565369052923181,0.8565671092628637,0.8632835889960644,0.8652829796130428,0.8663209020095735,0.8646881964592855,0.901806644109219,0.9018144973823782,0.9060409683936128,0.9084442898355105,0.909538435950145,0.9087444859468756,0.88873722836728,0.8887520536276254,0.89537462057157,0.897743197262562,0.9005765022581294,0.8992688283607556,0.8195978400237756,0.8199305877152694,0.8283878924978891,0.8332442679829228,0.8386743593155687,0.8366606738716288,0.7699987987394179,0.7706238188182997,0.7903129189742373,0.7900263118522578,0.7933382574000947,0.7870238962375784,0.7541901150908642,0.7547077105596899,0.7710437925585863,0.7763368469401463,0.7780725363959564,0.7739869103826136,0.8550230625348909,0.855090943965343,0.8588170510342112,0.8615567205081415,0.8624315581627693,0.8586017628040761,0.8635525337418692,0.8635552731560485,0.868581540818885,0.8767425084175515,0.8806816388538559,0.8810158519882542,0.8665599101353615,0.8665887905277516,0.8792987273147804,0.8861420501073526,0.894643487134235,0.8941541065645007,0.7815821357145453,0.781592773515367,0.7903211458209696,0.7907053647218675,0.7946595546387222,0.7901271551529254,0.7968171993201186,0.7973062190388039,0.804332932567787,0.8051194004469044,0.8071395993414363,0.8047698200333918,0.8531976823725933,0.8533074482162079,0.8579146203825777,0.8615108312932287,0.8630565484324522,0.8602860866515379,0.8552530794925788,0.8552991199953217,0.8613082722059743,0.8657396167803652,0.867891923547482,0.8662391239418255,0.756187949057465,0.7562489173580028,0.7637655366050949,0.7710938767634861,0.7769884251156172,0.7761819181877612,0.7158678208919924,0.7160445954609411,0.730974350423342,0.7339116862405022,0.7375338856903226,0.7313072253393555,0.6819172447304207,0.6822791076312886,0.6962305901599601,0.7070478511267939,0.7084520046169231,0.7040932625872598,0.8229307971175307,0.8233185065102219,0.83008644629205,0.8297796666124582,0.8309607444396725,0.8279453411425928,0.804824210714306,0.8048290898736268,0.8108347282165508,0.8195238699686817,0.8237642048243955,0.8234058288588564,0.8124451793153342,0.8126464962334556,0.8239670070532377,0.8310095389859438,0.8478505082591419,0.8467905187466642,0.7148782162205374,0.7152786506843453,0.7245162208237113,0.7262208889387215,0.7266159361762029,0.7185616812790413,0.7561753054544493,0.7566259989599607,0.7647910529929081,0.765147110548193,0.7659451544609392,0.763460244712394,0.8105375655981277,0.8106159239787472,0.8164750561669607,0.818656540189789,0.8201318511918786,0.8189332489318353,0.8213769980128799,0.8214529073735238,0.8299414773779232,0.8331270097252724,0.8365448756465028,0.8352693346847444,0.6949260873912706,0.6959402520417557,0.7080782153552014,0.7105785507133229,0.7200453128737366,0.7189380353318336,0.6651217628541626,0.665239040859444,0.6774060617699817,0.6806186300510231,0.6839997761105756,0.6739422378441657,0.6184931522944959,0.6188947909921065,0.6392977312009211,0.6425885813083565,0.6474440839206955,0.6434383491191785,0.792847888263527,0.7936205633023949,0.799266687996406,0.8027489212153908,0.7993351428332928,0.7992257588099316,0.746522402662203,0.7466097374827182,0.7533623700789936,0.760862544541124,0.7714443768311773,0.7702214229505859,0.7584429073968818,0.7584746343434251,0.7692671042123407,0.7833868979389169,0.799119599046876,0.7969260369180071,0.6543699955351087,0.6545224147803601,0.666469204174595,0.6674475443075503,0.6666761684149318,0.662130296130663,0.7200806326916884,0.7219990987040085,0.7303051426109095,0.7303303920337261,0.7302742108275129,0.7284485303114907,0.7683196659796848,0.7683555100024603,0.7736867664253894,0.7771115640610489,0.7793544126079973,0.7781997241910027
92,0.9265680906307575,0.9265850591348846,0.9308517739123701,0.9333062478939974,0.9362116595640085,0.9356516765255843,0.892781687575879,0.8928033616153014,0.8999777692422648,0.903384177818561,0.9061015099862474,0.9055986091260207,0.836054582059898,0.8369122316225296,0.8528104461934987,0.8571347738194444,0.8587726232260584,0.8540231695770653,0.8443477466597212,0.8443814396910843,0.8583958150391702,0.8636999782545951,0.8648003457970097,0.8633903721932963,0.8993186491280565,0.8993289985829196,0.9021421862523366,0.9047660276856929,0.9055158308942024,0.9047300463566981,0.9266693008728581,0.9267405961045596,0.9321939069116273,0.9372519737732667,0.9410905643130002,0.9406612506922136,0.9232132497161801,0.9232186846983168,0.9347669187269229,0.9378881059697156,0.9431086628859889,0.9419187955326539,0.8628420543508402,0.862870647131736,0.8711513780558826,0.8743491357544692,0.8753233262726187,0.8718424725948383,0.8565369053000579,0.8566452194433334,0.8623321743319131,0.8648918340879675,0.866677498841008,0.8653272626329642,0.9018066442824615,0.9018128145776235,0.9051012840669017,0.9082203537021961,0.9097113894779347,0.9094551553754863,0.8887372283586739,0.8888790360983773,0.8944795731110254,0.8979339563105236,0.9005180161494534,0.8994191803045665,0.819597840019974,0.8200132015554275,0.8277001246278707,0.8314300747664898,0.8382785150213227,0.8362206818763311,0.7699987854755137,0.7702715569528586,0.7873781734721838,0.793126679373221,0.7928840270001858,0.7890766943376871,0.7541901121572436,0.754397182427323,0.7691183266285582,0.7755618943774268,0.7761488689667697,0.7743002827862536,0.8550230624268559,0.8552805781538555,0.8590679757740445,0.8623043910646808,0.8622614344204087,0.8615929460440807,0.8635525361152736,0.8635569881874069,0.8720286402708077,0.8754999139907621,0.8804499623282301,0.8811212893403306,0.8665599102331628,0.8665631502214269,0.8744794998868066,0.8831893181133088,0.8952929910965665,0.8934725867377208,0.781582135714561,0.7816513802865895,0.7912493077446704,0.7936940973346541,0.7938612124193204,0.7900300982661672,0.7968171994639283,0.7968529345166517,0.8035683522421604,0.8048357184294892,0.8052691590500101,0.804488712068868,0.8531976822097795,0.8532083711300866,0.8599010571052268,0.8605125758646694,0.8629015058383025,0.8622456786533607,0.8552530794905387,0.8554273552976033,0.8623515878749101,0.8643020643259536,0.8687386929204385,0.8672035496519586,0.756187949060032,0.7562970339540531,0.7658910392603717,0.7685095750361237,0.7781492531670161,0.7767231441608379,0.7158678208910335,0.7159086335230225,0.734971168613789,0.7345679341756148,0.7378681203578306,0.7316101824818173,0.681917244733828,0.6823966928047732,0.6985441964780729,0.7056968323704225,0.7075194753986058,0.703750989934482,0.8229307963362503,0.823067577229336,0.8290197771370929,0.8309515750096359,0.8313209544292057,0.8282372717395258,0.8048242106542862,0.8048461139839607,0.8097074738604806,0.8179058920875848,0.8246699247266138,0.8243211507408171,0.8124451793147548,0.8124585966458712,0.8200741923586881,0.8328573940783721,0.8457853173276116,0.8450444071525663,0.7148782162202322,0.7154141582403216,0.7249520492991459,0.7258466484475332,0.7260299859834477,0.7167834429616389,0.7561753054543441,0.7564911389802517,0.7628742431736985,0.765910370740232,0.7657346481766574,0.7630257467253012,0.8105375657939093,0.8105530916018949,0.8159706061954786,0.8190001084332832,0.8214668251511774,0.8187626858418089,0.8213769980744988,0.821395045532152,0.8278645773269709,0.8334004731730413,0.8363771706587324,0.8347612763981132,0.6949260874179257,0.6949459398135988,0.7069955252519071,0.7121496420547782,0.7200004554519391,0.7193043899750674,0.6651217628541919,0.6651426411571186,0.6788297263575201,0.6843093494616677,0.6864509714635996,0.6751251261386426,0.6184931529542559,0.626361060117606,0.6368592655377248,0.6467784286202611,0.6461879623138769,0.6416178424048948,0.7928478883537871,0.7930267577872684,0.800560032140656,0.8031087875236973,0.8019442776279402,0.7986009062428562,0.746522402721647,0.7465470126802041,0.7505729569051871,0.760388912628925,0.7706328688334236,0.7708746649653689,0.7584429099445276,0.758574345910126,0.7701277589893287,0.784398915998209,0.7991810889946722,0.7971791228963028,0.6543699955413627,0.6550689796454284,0.6665026838022683,0.6679141615563572,0.6666816085002891,0.6623354895503766,0.7200806352955134,0.7209736969893233,0.7292208774499672,0.7307989927265612,0.7307565817118038,0.7283729643951822,0.7683196659777483,0.7684723887232153,0.7746310364472432,0.7764091715508115,0.7796974743227525,0.7767447162555741
93,0.9265680906314602,0.9266906204124248,0.9311585067500832,0.9340278030088809,0.9364440355684206,0.9358924503042689,0.8927816875759897,0.8928683816606166,0.9004088068458149,0.9037150618516638,0.9062302785328474,0.905250069852521,0.8360545819887775,0.8364709581072534,0.8507762959953117,0.8569630558480246,0.8582127480788959,0.8564965021818252,0.8443477487230002,0.8444661976547091,0.8615255680068291,0.8631854613944028,0.8640028601499875,0.861622818449028,0.8993186491270381,0.8994066893532904,0.9037467913187983,0.9052888049103617,0.9045399427391165,0.9035280135617177,0.9266693008944122,0.9266961548929387,0.9325444888356305,0.9375002171239076,0.9408514844085446,0.9405667982229224,0.9232132497161966,0.923220692703039,0.933634087487572,0.93774385753871,0.9434014252407354,0.9416880808454285,0.8628420543516492,0.8628513940117436,0.8703627469750612,0.8734433971794278,0.8750320745296061,0.8726835703646132,0.8565369052956289,0.8566794108801721,0.8619993689705484,0.8650471558834331,0.8667868038220112,0.8653833665817627,0.9018066441092624,0.9018563978213318,0.9064417086175953,0.908745300968347,0.9104751557558175,0.9085629282937954,0.8887372283574662,0.8888176930362136,0.893256435861179,0.8977027107012006,0.9005618757518347,0.8993576789544686,0.8195978402556376,0.8196032787435017,0.8290684530467063,0.8323054423078039,0.8378754011512124,0.8366477090148794,0.7699987852688464,0.770077733576676,0.7876965180992652,0.7905301549897072,0.7944681937401021,0.7925740825896888,0.754190112158061,0.7548387790016797,0.7693112461516395,0.7746285762790655,0.777815632466497,0.7763066903445714,0.8550230624269812,0.8551054520116717,0.8600883493120294,0.8620806091993317,0.862649397912381,0.8583848533643231,0.8635525337288206,0.8635639789509966,0.8693846135074725,0.8766537587935428,0.881218482550596,0.8798990475806171,0.8665599101353612,0.8666472963286842,0.8768635840263221,0.8862337602040986,0.8951464964732927,0.8937958966159539,0.7815821357167632,0.7816739313154443,0.7926314893320854,0.7917436345919924,0.7943414223800762,0.7893074158740152,0.7968171993286768,0.7970016512971253,0.8024030019435432,0.8050834043994118,0.8070085207139495,0.8035863701478823,0.853197682191913,0.8532433806624645,0.8578088573799713,0.8606448418658791,0.8632067913221757,0.8605918353941334,0.8552530795817589,0.8553400443614546,0.8620563973803527,0.8653810451344166,0.8676323602804482,0.8671437675731579,0.75618794905684,0.7562823356165034,0.7637651168211572,0.7718046756272943,0.7782128964348021,0.7766760889285194,0.7158678208902953,0.7167010845299275,0.7318402904148344,0.7342082353591577,0.7371406730406824,0.7293958757544861,0.6819172449219056,0.6856739472671818,0.7000577549902216,0.7054962475657889,0.7072729362310495,0.7061060810603855,0.8229307963363371,0.8231716669482975,0.8291140881145079,0.8314874567745643,0.8313382796672673,0.828033752603813,0.8048242106486552,0.804861980702363,0.810060868252253,0.81828950679771,0.8251413579460016,0.823847728606757,0.8124451798051258,0.8125938429421731,0.8244827222738347,0.8325428135271624,0.8461370450450674,0.8456249349296083,0.7148782162202092,0.7153853595045228,0.725923034410423,0.7256916410681296,0.7249426230521429,0.7222357308168268,0.7561753054543501,0.7568182485151055,0.7634893912729876,0.7655242974258147,0.766416505998512,0.7643898321253438,0.8105375658147409,0.8105764514873663,0.8162968612960396,0.8186163367665016,0.8208557676858992,0.8184647774534451,0.8213769980164605,0.8215956491464423,0.8281342954877744,0.8338172132924152,0.8362747084694699,0.8338379192524028,0.6949260873907437,0.6950646221323045,0.7037448716316429,0.7133484090522602,0.7223609780354024,0.7183313764731342,0.6651217628560508,0.665961633083302,0.6786046524856537,0.6815507617829057,0.6806007956207363,0.6782859171751896,0.6184931522869757,0.6189283841987057,0.6380741591278487,0.6442151552175215,0.6451076000309346,0.6425927382360578,0.7928478882559091,0.7932606689665515,0.8016148364444937,0.8013565537817664,0.800343055424111,0.8010099482518294,0.7465224026590984,0.7465532111348532,0.7511957869441972,0.7599907489009109,0.7688637514457789,0.7696082126611288,0.7584429073968852,0.7601541138394454,0.7702598744258973,0.7852497283403305,0.797520857098019,0.7975659309285291,0.6543699955378561,0.6546391943852949,0.6652840445569012,0.669819763204512,0.6665758959222849,0.6632489335670448,0.7200806326156297,0.7201765806165664,0.7288790340280273,0.7310754218413876,0.7321457240825237,0.7285357453391099,0.7683196659779655,0.7684434037137403,0.7732333555560801,0.7779190162593904,0.7804652765308729,0.7766850878471752
94,0.9265680906307673,0.9265805174743379,0.931479801273714,0.9343224933193367,0.9363189369741662,0.9357612113889808,0.8927816877774967,0.8931865517524634,0.899412445487978,0.9027182394983585,0.9059233648370076,0.9050339094057678,0.8360545821249585,0.8361548480298343,0.8496300849015823,0.8551348610420234,0.8582467976161785,0.8531281298415032,0.8443477465786072,0.8445729146001211,0.8590256112468372,0.8621848988403797,0.8641930011357115,0.8625870365852769,0.8993186491272683,0.8993271668370932,0.9013611956342987,0.9051875710826873,0.9061744501835856,0.9033711774746886,0.9266693008821223,0.926718109877879,0.9330396521180718,0.9371320117696299,0.9410046246668738,0.9405618713897106,0.9232132497162037,0.9232296395823528,0.9272945069104954,0.9367491705663993,0.9430142581609272,0.942171200450493,0.8628420543516434,0.862868556917058,0.8713740500103536,0.8736644898222786,0.8753318966483574,0.8731111932825724,0.856536905298936,0.856560977421558,0.8640074310957625,0.8659300809086249,0.8666533569997589,0.8659129907204397,0.901806644109195,0.9018432362423373,0.9054343608010377,0.9080653286128569,0.9104324252950652,0.9086729561680145,0.8887372283612409,0.8888354066938078,0.8943347552849346,0.897244028916467,0.8999105745616605,0.8994819762859704,0.8195978400146766,0.8196593351533958,0.8281537191901603,0.8332487330069238,0.837462955605577,0.8362600018172682,0.7699987851559247,0.7700586846865506,0.7886243809872404,0.7931033988886242,0.791860035542101,0.7853459005111737,0.7541901131809796,0.7542959447887572,0.7710189310399175,0.7760880420004139,0.7779061938213705,0.7739313945944466,0.8550230624275753,0.8550895040894323,0.859425471080779,0.8622658945981326,0.8620308597577657,0.8593680759196058,0.863552533728924,0.8635554749279459,0.8711887411268662,0.8758288431122088,0.8815953573361726,0.8808384133277798,0.8665599101402583,0.8666579110241145,0.8728118206499687,0.8854324478074245,0.8944754843162311,0.8926036741122587,0.7815821609809115,0.7817832436167912,0.7918283358335771,0.7913699397377065,0.792265811490368,0.78817409733687,0.7968171993114335,0.7970225130896801,0.8047717503722933,0.806534735570196,0.806915541567307,0.8037958037606658,0.8531976821856372,0.8532348346284039,0.8563222724547754,0.8609449649173291,0.8623710033130534,0.8618684755078985,0.855253079487851,0.8552942526689231,0.8623119580563261,0.8654743712097044,0.8682267548885939,0.8670695041399971,0.7561879490568351,0.75642765802919,0.7670835216116896,0.7709160580463632,0.7779090750393394,0.7767123213726428,0.715867820890391,0.7159666443775674,0.7337991344846451,0.7372536059501736,0.7358080906434352,0.7320452959769517,0.6819172447309725,0.6822528599925541,0.7016964380457102,0.7043263950868027,0.7085617156019031,0.7024596415484134,0.8229307963394995,0.8231645263298571,0.8298458727444116,0.8307815572876591,0.8320101884319896,0.8291652659427222,0.8048242106486279,0.8048264670119687,0.811758833909389,0.8178136849236732,0.8248409039977687,0.8243662795398218,0.81244517932449,0.812528250279481,0.8255924173021227,0.8326394465277183,0.8468440127569498,0.8444994254606738,0.7148782163142429,0.7150442812396629,0.726217980288358,0.7277219233902528,0.726050485551796,0.7203721919040826,0.7561753056524712,0.7572689305577206,0.7641461737001348,0.7657422298294129,0.7650850233809912,0.7644712154332538,0.8105375656009152,0.8105784114746604,0.8168186128069848,0.8175705016461962,0.8197217227143896,0.8170898818891734,0.8213769980430856,0.8214664795709379,0.8294875417171053,0.8335757091584752,0.8368079921927825,0.8350191331388099,0.6949260873907763,0.6949898941595747,0.7062961261266623,0.7115642617556014,0.7210100298169391,0.7181245116193576,0.665121762914588,0.6658875977259282,0.6791161288682006,0.6818226437274124,0.6845976526236202,0.6743648204784615,0.6184931522974744,0.6212590501333017,0.6377866902381062,0.6413035047889234,0.6485510691242,0.6404641847794983,0.7928478882558401,0.793909818548185,0.8008657857536995,0.8014313109337654,0.8019965951029113,0.7980980010885423,0.7465224026588639,0.7465535131974557,0.7546748703331033,0.7616234809234206,0.7705009941609641,0.76987078702235,0.7584429073968812,0.7588472812733509,0.7701435551110303,0.7808901851214756,0.7976927687381832,0.7975654098146605,0.6543699955351536,0.6554741296197759,0.6672411968296212,0.6653193473777066,0.6644873109435856,0.6622795837315025,0.720080632039729,0.7208345879975306,0.7308137247296413,0.7312694152338037,0.7312994440103584,0.728289027391901,0.7683196659779657,0.7683881966507573,0.773784366817229,0.7777021200410292,0.7807922259147762,0.7777049849864708
95,0.9265680906313497,0.9265707937366987,0.9297524676579975,0.9343179729732222,0.9362377484961766,0.9359765665974159,0.892781687712191,0.8930831974695517,0.8990232222091739,0.9029076054280347,0.9066862020917774,0.9050600712466239,0.8360545819912053,0.8363600090564036,0.8533944555719686,0.8568361785745029,0.8600883658496221,0.8540393643819815,0.8443477465760559,0.8443704850995546,0.8565814367264863,0.8633239814996847,0.8651126624613017,0.8623508233128385,0.8993186491274813,0.8993402991794235,0.9038878170306054,0.9059065408977277,0.9062082887123388,0.9050619688937737,0.9266693009221935,0.9266771876486125,0.9331288195093964,0.937118616759735,0.9414862485510398,0.9402866119672422,0.9232132497162736,0.9232339058543196,0.9323810518113975,0.9373323763042755,0.943170532774348,0.941697232626523,0.8628420543506793,0.8628492771244807,0.8702082808445899,0.8745161279703997,0.874700086502123,0.872760814745337,0.8565369053183188,0.8566391241840947,0.8615513944825964,0.8648736957224249,0.8663655504340074,0.8651776160658264,0.9018066441091948,0.9018212097927674,0.9074267655809699,0.9078714231472037,0.9098202169851228,0.9092367283023892,0.8887372283574634,0.8887558484433414,0.8947880914350708,0.8974155627895761,0.8999678823512856,0.8995254046105202,0.8195978400146882,0.8196128856545917,0.8271300008544448,0.8310329971908299,0.8381835406276903,0.8368475381370284,0.7699987851915198,0.7702449930371333,0.7895555991570349,0.7931968003743812,0.792694076800308,0.7862745070727819,0.7541901121572404,0.7544212722308807,0.7701075928651316,0.7763972313988898,0.7779458809435532,0.7737761414920907,0.8550230637397429,0.8550500727005375,0.859632733009561,0.8625089650853238,0.8592393258831063,0.8595074013280863,0.8635525337289824,0.8636432822074291,0.8711834534534708,0.8764415868292241,0.8817906473386725,0.8824016957529962,0.8665599101353647,0.8667082507878566,0.875950904917492,0.884217654255394,0.8961348330219624,0.8931116161829042,0.781582135714944,0.78168727420381,0.7891015359908325,0.7936929161614075,0.7917130979643815,0.7870001715535807,0.7968171993119815,0.7968603550468754,0.8041722642220273,0.8062572477786978,0.8070154333490995,0.8033561034001582,0.85319768219191,0.8532143365974318,0.8589582068589843,0.8604577674504198,0.8629240923916064,0.861784981489691,0.8552530794879156,0.8557297706173055,0.8606350743668889,0.8643825728809528,0.8684553373003092,0.8672094045752069,0.7561879490569078,0.7564319023753009,0.7647007154484947,0.769954412641333,0.7771962364839369,0.7760824284058624,0.7158678209106746,0.716004104046982,0.7333380810064453,0.7360952675585932,0.7334342806068573,0.7313620393445115,0.6819172447304207,0.6820273733259715,0.7000664813594136,0.704453037455656,0.7090662344579302,0.7039204220504942,0.8229307964609227,0.8231632807766105,0.8291252069567626,0.8302729111895745,0.8306747698132959,0.8273018542424952,0.8048242106486434,0.8048533519536303,0.8095656590986584,0.8157001444800921,0.8250998729223067,0.823767783097253,0.8124451793147198,0.8124839867851744,0.8223145823344007,0.8338630014863537,0.8467192054225745,0.8457567219341189,0.7148782162201073,0.7150386523297985,0.7256858264941661,0.7244230433184811,0.7250243943730311,0.7187450160454965,0.756175305616267,0.7585413567942538,0.7636395150733533,0.7653628412221846,0.7662596147724419,0.7640211696051373,0.8105375657094034,0.8107229283670344,0.8143713200051854,0.8179400296294299,0.8199484876586798,0.8195103113379908,0.8213769983062366,0.8214441175836324,0.8301609630165031,0.8322625770415891,0.8367736287967152,0.8363422023043058,0.6949260873907402,0.6951041107204405,0.7060207520739583,0.7104050144848313,0.720786621109945,0.7188789996688982,0.6651217628541904,0.6652734045178508,0.6787135165661919,0.6823962815653971,0.6835612866120003,0.6749385188538064,0.6184931540148162,0.6204603651789534,0.6407157319315973,0.6430654290632871,0.646580164363985,0.6410070478114118,0.7928478882610113,0.7941534978025411,0.8000793714393677,0.8007390885949791,0.8027141205477621,0.7955039784806619,0.7465224030440547,0.7465330056478926,0.7566073328391583,0.7594595833086725,0.7704227712781669,0.7696764894813104,0.7584429073970366,0.7585449964650873,0.7723902404778067,0.7815987328917346,0.7985983589605339,0.7976237727643986,0.6543699955349749,0.6549632637022919,0.6669457181388392,0.6669019056428171,0.6689344376893334,0.6632267220608039,0.7200806324271836,0.7201143650191346,0.7305587276336374,0.7310824673421743,0.73137663956317,0.7267470620876306,0.7683196659779811,0.7683887595173113,0.7757636362223773,0.7770699224344453,0.7797668397386484,0.7775429862471368
96,0.9265680906307574,0.9266116812566155,0.9314621086435111,0.9338708953695234,0.9361877262788818,0.9358141825994863,0.89278168757601,0.8928821845495574,0.8994176909233587,0.9034993422558627,0.9061962945477411,0.905440221430692,0.836054581988236,0.8361319168102446,0.8526040593154599,0.8570572448314033,0.8591712085371003,0.8549189359706022,0.8443477465780952,0.8443722747459733,0.8597258366667219,0.8631807247368491,0.8640838569408972,0.8620116902734287,0.8993186491270385,0.8993190051509476,0.9039221200042753,0.9057496664447515,0.9034739398151884,0.9050443734390136,0.9266693008715945,0.92669145149427,0.9310619995305758,0.9366001899020142,0.9402875844091129,0.9406876659612524,0.923213249716225,0.9232212165920716,0.9310465319422627,0.9384226582226753,0.9431848469414174,0.9422225358213364,0.8628420543385972,0.8628426242242616,0.8743040180809031,0.873439571508328,0.8753532939346521,0.8723136462576065,0.8565369052923107,0.8566329844722644,0.8629859370170947,0.8655589920719777,0.8663644675984141,0.8653822517742203,0.9018066441369772,0.9018102413554573,0.9079403774734806,0.9084574196575935,0.9099151252967642,0.908805447316279,0.8887372294762951,0.8887410523263075,0.8962865792761452,0.8978523903060143,0.9001200221923271,0.9001027761836762,0.8195978400146795,0.8196053511484789,0.8279529019571678,0.831390175769571,0.8377759920695796,0.8358307552993195,0.769998785157246,0.7707172179467245,0.7915671425432672,0.7919790783791198,0.7931391794105505,0.7890552780036969,0.7541901122007357,0.7544248489390515,0.7719203112431947,0.7756956743520702,0.7775844319776488,0.7735048217712279,0.8550230624279087,0.8550274240621839,0.8586907592827462,0.8626068083286077,0.860625431642103,0.85831786097831,0.8635525337288132,0.8637072732437688,0.8715260419423531,0.8754085194317742,0.8813614529684672,0.8812245238595852,0.8665599102301341,0.8666186921711089,0.8772113288898891,0.8877773483888156,0.8953276991778589,0.894658574047206,0.7815821357145452,0.781995591386533,0.7926268784001268,0.7918007090473282,0.7924872956442784,0.7888069815967071,0.7968172019741195,0.796879947619086,0.804396187403193,0.8065035281916089,0.8060292519726003,0.8044111696662142,0.8531976821919114,0.8532214154670121,0.8586081115509335,0.8606382884203027,0.8628551385373832,0.8621441246474059,0.8552530794878807,0.8553425296884255,0.8614534391295742,0.8644417545168888,0.8690750741381998,0.8665804645534687,0.7561879490585005,0.7563159487463438,0.7664843199599671,0.7705268332364297,0.7793367380296253,0.7761998205660088,0.7158678209625982,0.7171472650361671,0.7336103984803373,0.7349362656553454,0.7378711918191718,0.7310342057392851,0.6819172477487798,0.6825927455500733,0.6987080482824195,0.7037374655194213,0.7075440523286902,0.7018931678710882,0.8229307963365258,0.8233038768171611,0.8295728927424979,0.8316344219843784,0.8312869113728467,0.824337482104132,0.8048242106486694,0.8048845866676142,0.8133703300553061,0.8168675343485874,0.8246434854914382,0.8227349217983989,0.8124451793227536,0.8129870575433321,0.822608617843261,0.8313028095442508,0.8473250597115641,0.844573633330455,0.7148782162202088,0.7148883297063499,0.725850676054687,0.7267255170777408,0.7222672033960555,0.7231896867527158,0.7561753159653031,0.7567020725032417,0.7638326418554597,0.7650337946119622,0.766199269952407,0.7630962467740512,0.8105375731764444,0.8105402402539854,0.8148022086452301,0.8182421629601095,0.820636115094549,0.8186133437115863,0.8213769980128799,0.8214659739386729,0.8289378429535545,0.833131443869592,0.8371383169553542,0.8355156907501491,0.6949260873924599,0.6949602619294338,0.7062671814983148,0.7105567829421839,0.722101488498941,0.7186133612262487,0.6651217628576416,0.6656750124509242,0.6747599577263035,0.6826077480031458,0.6834278134685062,0.6707140792776412,0.6184931523084051,0.6191670754237777,0.6361431127669963,0.647144992880792,0.6462930614783027,0.6425626646332407,0.7928478882558408,0.7929448682579036,0.7989473765000076,0.8029815239359055,0.7994858454933743,0.7992139703661314,0.7465224026590729,0.7465317407593707,0.752094813724563,0.7572933981147894,0.7712787010323672,0.7678707025676754,0.758442907396881,0.7585002886690335,0.7691172919282463,0.7835627037139269,0.7968539088681377,0.7960128506034537,0.6543699955429076,0.6552075954762555,0.6666368328431085,0.6662240109228393,0.6659187808903686,0.6612539768638139,0.7200806347363959,0.722431467247932,0.7302813953769721,0.73148546056356,0.7308971545473371,0.7288754927571184,0.7683196659779558,0.7685196007591566,0.7727839871189613,0.7766283937080863,0.7807953335028097,0.7797522606159164
97,0.9265680906262264,0.9266271431443301,0.9308231675689407,0.9336822772583043,0.9365730211974111,0.935609760305558,0.8927816875762081,0.8928044209431351,0.9013527895408157,0.903576337646546,0.906030610318856,0.9056388472274304,0.8360545819883013,0.8367973618408985,0.8536800845773533,0.8572677170453111,0.8583519548306359,0.8532880604608001,0.8443477465781374,0.8446091352027184,0.8595235725729535,0.8632415786591376,0.8646449858780614,0.8624842102803609,0.8993186491846806,0.8993282957926221,0.9015262578847437,0.9050891284152913,0.9058036198445721,0.9035410553903903,0.926669300893957,0.9267243813585256,0.9330361166990475,0.9380451807748457,0.9408170812223622,0.9407761184571204,0.9232132497183607,0.9232144824951262,0.9313429659810671,0.9377175824496714,0.9419144487378817,0.9418730055106308,0.8628420543517489,0.8628708450736732,0.8716150867355592,0.874664116333878,0.8755568606526893,0.8724956498320886,0.8565369052923096,0.8566092303262638,0.8639087302207229,0.8651806485526419,0.8667193411907612,0.8657006345258353,0.9018066441091951,0.9018523728187033,0.906056941773271,0.9078460088825792,0.9098840507027316,0.9093322833775477,0.888737228404816,0.8887483647969736,0.8953530420830041,0.8969832627463962,0.9002344971304033,0.8996111217147605,0.8195978400277957,0.8197751508427545,0.8280251723617078,0.832982727656256,0.8374137418802214,0.8369388211575167,0.7699987851586915,0.7700602688767071,0.7879126868534975,0.7919533065822866,0.7923773836566933,0.7903154773425892,0.754190112157306,0.7543065868276393,0.7698761752219792,0.7761658685282753,0.7774042589984601,0.7744066044181773,0.8550230625250803,0.8550622082351134,0.8586284837748035,0.8607149985148623,0.8623606193991946,0.8603618767261217,0.8635525337295187,0.8635909499702237,0.8719931430965914,0.8755315291452523,0.881891417644799,0.8797329548038386,0.8665599101353614,0.8665800405306534,0.8758930195157562,0.8872497257880476,0.8950573782258336,0.8932296235753485,0.7815821357145449,0.7816042730514852,0.7900293296147363,0.7926301614197148,0.7906181041731825,0.7894698411178656,0.7968171993114163,0.7968974417249043,0.8020386728821295,0.8051010592479722,0.8065014729991047,0.8034632134433966,0.8531976821920202,0.8532184611787932,0.8585229182107048,0.8613898340450904,0.8629592571186535,0.8612231424412997,0.855253079487851,0.8552682457095224,0.86220854167906,0.8644449417570472,0.8684035762321392,0.8670022310115729,0.7561879760774713,0.756474550838306,0.7649452269061207,0.7700799848755411,0.7771134125503388,0.7758050488897414,0.7158678208904498,0.716343026545408,0.7321735394789426,0.7325793859537142,0.7385058936986373,0.7288851978542041,0.6819172463554357,0.6866182518173889,0.7017056954145079,0.7066841769526498,0.708011622167803,0.7067685318350547,0.8229307965762016,0.8234704094837008,0.827552684579232,0.8302239255511776,0.8309829958841677,0.8268594771340732,0.8048242106612995,0.804869590397384,0.8108690203289376,0.8192744718261381,0.8245865381127251,0.8246985789438002,0.812445179335004,0.8124525425105856,0.824154786923085,0.833794250994423,0.846532106827992,0.8444494110906475,0.7148782162202096,0.7157839494084017,0.7243837582822671,0.7243633688883058,0.7265519965840965,0.7192421659173038,0.756175305458074,0.7568673007624758,0.7618253826347421,0.7663533885057972,0.766240679340247,0.7641485635261959,0.810537565598116,0.810581587994711,0.8134812014532019,0.8183050449128046,0.820067092129702,0.8179391585149683,0.821376998013065,0.8213954298971916,0.830669533766588,0.832621158599349,0.8359843650972059,0.8357819933431883,0.6949260874091554,0.6950151772539302,0.7068285218726853,0.7118070573032307,0.7196351539103223,0.718471577128228,0.6651217628547543,0.6651115739988094,0.6797871610615576,0.6800716037955687,0.6850772038681147,0.6765361604467753,0.6184931524302683,0.6186426581585129,0.6380760590305992,0.6445526078925743,0.6470212902482619,0.642569074854859,0.7928478882559741,0.7935190906242858,0.7993621305445534,0.8030782058652061,0.8018832856961318,0.7978823965268547,0.7465224026591079,0.7465466985327693,0.753932781059902,0.7606275541490658,0.770334263160351,0.7691181007907284,0.7584429074023455,0.7584629991379073,0.7677251256360542,0.7816504881292263,0.7967210622584533,0.7967088211186658,0.6543699955461815,0.6547173042883272,0.6671712056628369,0.6646168225382287,0.667689731857927,0.66306487925352,0.7200806320357935,0.7202843884220778,0.7279305232440041,0.7312590343886638,0.7313039965005442,0.728470900878066,0.7683196659779579,0.7684655423510849,0.7743147504916315,0.7765929421568236,0.7799479920501533,0.7772355663568504
98,0.9265680906307703,0.9265695788095827,0.9293859068727323,0.9336054514952159,0.9363174982520363,0.9358090118907788,0.8927816875783795,0.892845080592821,0.9006705484430596,0.9029078722877165,0.9067586409817798,0.9059148231404721,0.8360545819959941,0.8360959598560435,0.8535038534604562,0.8572088750485662,0.8576740132350348,0.8539175933557299,0.8443477465828408,0.8444232281636017,0.8554869060202906,0.8620987965381082,0.8637240669964295,0.8621042292779273,0.899318649133073,0.8993262866138891,0.9032426469338993,0.904805175087547,0.9051777780120684,0.90438588822663,0.9266693009218402,0.926674068887079,0.9333523017328659,0.9375009147381047,0.9410399884997667,0.9407582376065079,0.923213249720346,0.9233946720496432,0.9305925499785483,0.9369720599949907,0.9428295472683101,0.9419574133164922,0.8628420543515299,0.8628880267617158,0.8695980082199316,0.8734789552089619,0.8746549280672538,0.8728000611437925,0.8565369052923669,0.8565648371181414,0.8632583455641811,0.8656947518950684,0.867317674764251,0.8650967074808108,0.9018066441091948,0.9018162794275324,0.9060764570489931,0.9087065598354525,0.9101039079659367,0.9092486847054639,0.888737228400154,0.8887560708617659,0.8936107534232933,0.8973848848534581,0.9004649630594675,0.8995275913628236,0.8195978401767429,0.8197246690912889,0.8282035502866953,0.8327499627506827,0.8382225366417043,0.8377355061153071,0.7699987852383121,0.7703877781816437,0.7894939767751132,0.7922314075868253,0.795916683398393,0.7879173613482339,0.7541901122079164,0.7547656307751565,0.7727092973649377,0.7746493174185548,0.7774172234855345,0.7747517108057552,0.8550230624270474,0.8551725355910342,0.8599712939975338,0.8617178019666826,0.8613206329142933,0.8595285585178254,0.863552533728812,0.86361015028029,0.8710930395433354,0.8759095164253886,0.88285360894539,0.8812231888751135,0.8665599101354552,0.8665720101387082,0.878603108451104,0.8828643864121853,0.8943101492833359,0.8946159174366978,0.7815821357146294,0.7818297900602911,0.7910668185967202,0.7932002172023209,0.7924315603935452,0.7898101842163043,0.7968171993117446,0.7969218103876173,0.8025430696199215,0.8050298403856689,0.806609390616883,0.8047990778834533,0.8531976823972953,0.8532260203215506,0.8570941227185019,0.8596474315350863,0.8630908806501384,0.8602094198721576,0.8552530796635535,0.855304949002738,0.8618725634485279,0.8658177487581278,0.8675449630373937,0.8676529570692184,0.7561879490568519,0.7562773550577274,0.7640678150851105,0.7705622176482221,0.7778063331491072,0.7769308743026551,0.715867820893386,0.7158651761939279,0.7303595641387577,0.7372188857183142,0.7373061211771041,0.7334880570142883,0.6819172447304211,0.6821145085494844,0.6987765875022334,0.7057771036412948,0.7077434421390341,0.7037588773475429,0.8229307963452895,0.8232377532258438,0.8300472638583993,0.832511713539707,0.8264209504487496,0.826599930806509,0.8048242106499133,0.8048279931850532,0.8105427753647104,0.8188097539267324,0.8262919215337539,0.8242037097635591,0.8124451793147468,0.8129606156856664,0.8242044683694284,0.834426290360913,0.8478620706260321,0.8448306509407011,0.7148782162378119,0.7161182426033466,0.7248404771371855,0.7279912700561015,0.7275970831466062,0.7194052046202433,0.7561753058142406,0.7562361828208077,0.7641116489452329,0.76593831034818,0.766371599830436,0.7633324865805995,0.810537565598116,0.8105660087438378,0.8164830845142342,0.8192393972802482,0.8206276676405905,0.8181054154893105,0.8213769980128874,0.8214433277514446,0.8304712380011837,0.8321804378745417,0.8363454621753853,0.8358376613182852,0.6949260873908383,0.6950677481219472,0.706380628252627,0.7100745940830866,0.7206268175722885,0.7190070328786138,0.6651217628582157,0.6651335058053287,0.6797417683442655,0.6808754290462324,0.6830996456799774,0.6773763764222358,0.6184931522809103,0.6188138541495827,0.6346690870741428,0.6432050350725883,0.6465638812203724,0.6423894636788012,0.7928478882558552,0.7937371066372313,0.7985925712920532,0.8020339914344256,0.7996620581631508,0.7970455178881797,0.746522402659396,0.7466359766380201,0.7537183696761711,0.7636945769263074,0.7683931919566668,0.7701079475452517,0.7584429074003083,0.7584795522920351,0.7684038438372889,0.7797967219911054,0.798723474684726,0.797359260118388,0.6543699955369351,0.6546170008059513,0.6677899370689662,0.6661828728569135,0.6649111145390374,0.6647081277915526,0.7200806320354284,0.7202087193421964,0.7296156245790393,0.7310453461989855,0.7313341439565577,0.7284973391809769,0.7683197245530657,0.7684216012148818,0.7738079827072609,0.7764558152854785,0.7799627660750961,0.7765737088220088
99,0.9265680906323019,0.926569475936959,0.9324273288158694,0.9336235165508053,0.936402989458538,0.9355955033383652,0.8927816875776506,0.8927993747894991,0.9006390213620371,0.9026760823339153,0.9061407412179797,0.9047259908902177,0.8360545898298386,0.8375075950547562,0.855583545171434,0.8557098428312325,0.8582753639467788,0.8537385933484343,0.844347746600214,0.8446692945736516,0.8579406371415176,0.8614548047176767,0.8638016350650843,0.8618570629454398,0.8993186491244386,0.8993239017408635,0.9021148450300844,0.9051448347966068,0.9064855485493368,0.9055485337568345,0.9266693008714993,0.9267555798060461,0.9300072932970104,0.9371038796395832,0.9408951903835312,0.9407929011275993,0.9232132497180594,0.9233268904456032,0.9319626740767929,0.9384700133801731,0.9428997379327482,0.9419477748353292,0.8628420543518454,0.8628940073869003,0.8721509529570602,0.8751405068433358,0.8737866210090096,0.8727463379840297,0.8565369052936722,0.8565497856407566,0.8647588696868636,0.8657589410643389,0.8672671704021904,0.8652374117974877,0.9018066441093815,0.9018232338589416,0.9046666075270261,0.9084344900690593,0.910053656100305,0.909063729179958,0.8887372283574647,0.8887467663194143,0.8946881986866592,0.896591925530506,0.9006076567442935,0.8994719619442358,0.819597840043873,0.8205288419475565,0.8260081899355394,0.8330013267656986,0.8375041460299946,0.8356960512606743,0.769998791256288,0.771051756043287,0.7887300443771108,0.7901183947377555,0.7945813220230572,0.7908310781652834,0.7541901121572403,0.7543278220314349,0.7729302170914784,0.7776038579802107,0.7768406953599755,0.773269602593341,0.8550230624270772,0.8550238115679448,0.8584887423186183,0.8626182845857002,0.861786078759472,0.8609721550405349,0.8635525337288013,0.8635714633366163,0.8699290645248188,0.8780842718276723,0.8820709622364914,0.8808285345235768,0.8665599101353669,0.8665825653212686,0.876740657183454,0.8852631991502793,0.8946466545351112,0.8947161798602296,0.7815821357145535,0.7815836883377105,0.7912110067860498,0.7946360281779029,0.7914817638986467,0.7888791508111942,0.7968171993528399,0.796891835531437,0.802822832500768,0.8061048208206077,0.8068979368845065,0.8048294205066329,0.8531976821919101,0.8532015142658863,0.8573931006572928,0.8618349410903947,0.8627887696000097,0.8604784233858243,0.8552530794878511,0.8552812557800894,0.8606556763548721,0.8652857260072688,0.8691708326262356,0.8667827676133004,0.7561879490569705,0.756273332789328,0.7660633492272634,0.7707133100780263,0.7762364783103369,0.7762661322180366,0.715867826774253,0.7169648853171625,0.7266980716516802,0.7347396273301818,0.7396738590943737,0.7296223179035082,0.6819172447304226,0.6830639946621688,0.6988135496916794,0.7034200268775059,0.7090958669555683,0.7037593394261817,0.8229307963367868,0.8240752482497449,0.82804656967769,0.8317233463811766,0.8324269739853314,0.8284219498662403,0.804824210649422,0.8048511478790554,0.8104266317354474,0.817350802303215,0.8245324220794523,0.8240014554153872,0.8124451793147235,0.812490441918773,0.8219714911866157,0.8326503210511905,0.8482429449596848,0.8459403956005904,0.7148782162212426,0.7153795311222633,0.7228821202431701,0.7252206982574245,0.7261257190147485,0.7210116492919498,0.7561753054543898,0.7564175945117538,0.764352580307941,0.765893358604494,0.7658459687957309,0.7638951613145739,0.8105375655981127,0.8105545257027682,0.8170107032470784,0.8179823714867195,0.8200526073968502,0.8182584817762478,0.8213769980140853,0.8214551469500702,0.8271968203776084,0.8322999295813627,0.8360289649795587,0.8350303954617418,0.6949260873907347,0.6950015946959792,0.7045219083244005,0.7118877739306184,0.7185446251815877,0.7192965123651256,0.6651217628578598,0.6652673202904518,0.676034845485016,0.6812815050015917,0.6848685812019597,0.6774828748433532,0.6184931522739995,0.6194882835617295,0.6386432277403178,0.645119301873632,0.6444159528073352,0.643445151671719,0.7928478882558402,0.7929861797073087,0.8007022429156408,0.80192393911355,0.7996480792156092,0.8009371017846765,0.7465224026591484,0.7465922904502464,0.7520589233915228,0.762276543404687,0.770638138335824,0.7706080176404151,0.7584429074099008,0.7585709703803748,0.7730345212811847,0.7781817507872689,0.7976753420895517,0.7971836214597353,0.6543699955592813,0.6552776615676389,0.6657147635281127,0.6666700188465466,0.6676764945911191,0.6619488919795778,0.7200806320382326,0.7210539734188568,0.7284186913305668,0.7309295397555156,0.7314491319764049,0.7295788037245031,0.768319665977948,0.7683321902963604,0.7749848775177011,0.7767631792500387,0.7797389126836023,0.7776258501706218
